Analysis results no. 9

Ellipsoid method stopped in iteration 1000 because reached N.
Ellipsoid parameters: cut=deep; eps=0.000000; N=1000; R=6.782330.
Ellipsoid performance: runtime=258.082353 sec.; constraint-cuts=809.

First iteration in which primal was feasible: 19.
In total 261 integer solutions where found, whereas 10 where used by primal.

Solution quality:
Expected social welfare=6973.665730
Absolute deviation=5394.933930
Variance=29773812.394851
Standard deviation=5456.538499
Coefficient of variation=0.782449

Distribution of constraint cuts:
cons_cuts=[2, 4, 6, 8, 10, 12, 13, 15, 17, 19, 20, 22, 24, 25, 27, 29, 30, 32, 34, 35, 37, 39, 40, 42, 43, 45, 47, 49, 50, 52, 53, 55, 56, 58, 59, 61, 62, 64, 65, 67, 69, 70, 72, 74, 75, 77, 79, 80, 82, 83, 85, 86, 88, 89, 91, 92, 94, 95, 97, 98, 100, 101, 103, 104, 106, 107, 109, 110, 112, 113, 115, 116, 118, 119, 121, 123, 124, 126, 127, 128, 130, 131, 133, 134, 135, 137, 138, 140, 141, 143, 144, 145, 147, 148, 150, 151, 153, 154, 156, 157, 159, 160, 161, 162, 164, 165, 166, 167, 169, 170, 171, 172, 174, 175, 176, 177, 179, 180, 181, 183, 184, 185, 186, 188, 189, 190, 192, 193, 194, 196, 197, 198, 200, 201, 202, 204, 205, 206, 207, 209, 210, 211, 213, 214, 215, 217, 218, 219, 221, 222, 223, 225, 226, 227, 229, 230, 231, 233, 234, 235, 237, 238, 239, 241, 242, 243, 245, 246, 247, 249, 250, 251, 252, 254, 255, 256, 258, 259, 260, 262, 263, 264, 265, 267, 268, 269, 271, 272, 273, 275, 276, 277, 279, 280, 281, 283, 284, 285, 287, 288, 289, 291, 292, 294, 295, 296, 298, 299, 300, 302, 303, 305, 306, 307, 309, 310, 312, 313, 315, 316, 317, 319, 320, 321, 323, 324, 325, 327, 328, 329, 331, 332, 334, 335, 337, 338, 340, 341, 342, 343, 345, 346, 347, 349, 350, 351, 352, 353, 355, 356, 358, 359, 361, 362, 363, 364, 365, 367, 368, 369, 370, 372, 373, 375, 376, 377, 378, 380, 381, 383, 384, 385, 386, 387, 389, 390, 391, 392, 393, 394, 396, 397, 398, 399, 401, 402, 403, 404, 405, 407, 408, 409, 410, 411, 412, 413, 414, 416, 417, 418, 419, 420, 421, 423, 424, 425, 426, 427, 428, 430, 431, 432, 433, 434, 435, 436, 437, 438, 439, 440, 441, 442, 443, 445, 446, 447, 448, 449, 450, 451, 452, 453, 454, 455, 456, 457, 458, 459, 460, 461, 462, 464, 465, 466, 467, 468, 469, 470, 471, 472, 473, 474, 475, 476, 477, 478, 479, 481, 482, 483, 484, 485, 486, 487, 488, 489, 490, 491, 492, 494, 495, 496, 497, 498, 499, 500, 501, 502, 504, 505, 506, 507, 508, 509, 510, 511, 512, 513, 514, 516, 517, 518, 519, 520, 521, 522, 523, 525, 526, 527, 528, 529, 530, 531, 533, 534, 535, 536, 537, 538, 539, 541, 542, 543, 544, 545, 546, 547, 548, 550, 551, 552, 553, 554, 555, 556, 558, 559, 560, 561, 562, 563, 565, 566, 567, 568, 569, 570, 571, 572, 573, 574, 575, 576, 577, 578, 579, 580, 581, 583, 584, 585, 586, 587, 588, 589, 590, 591, 592, 593, 594, 595, 596, 597, 599, 600, 601, 602, 603, 604, 605, 606, 607, 608, 609, 611, 612, 613, 614, 615, 616, 617, 618, 619, 621, 622, 623, 624, 625, 626, 627, 628, 630, 631, 632, 633, 634, 635, 636, 638, 639, 640, 641, 642, 643, 644, 645, 647, 648, 649, 650, 651, 652, 653, 655, 656, 657, 658, 659, 660, 661, 663, 664, 665, 666, 667, 668, 669, 671, 672, 673, 674, 675, 676, 677, 679, 680, 681, 682, 683, 684, 686, 687, 688, 689, 690, 691, 693, 694, 695, 696, 697, 698, 700, 701, 702, 703, 704, 705, 707, 708, 709, 710, 711, 712, 714, 715, 716, 717, 718, 719, 721, 722, 723, 724, 725, 726, 728, 729, 730, 731, 732, 734, 735, 736, 737, 738, 739, 741, 742, 743, 744, 745, 746, 748, 749, 750, 751, 752, 753, 755, 756, 757, 758, 759, 760, 762, 763, 764, 765, 766, 768, 769, 770, 771, 772, 773, 774, 776, 777, 778, 779, 780, 781, 783, 784, 785, 786, 787, 788, 790, 791, 792, 793, 794, 795, 797, 798, 799, 800, 801, 802, 804, 805, 806, 807, 808, 809, 811, 812, 813, 814, 815, 816, 818, 819, 820, 821, 822, 824, 825, 826, 827, 828, 830, 831, 832, 833, 834, 836, 837, 838, 839, 840, 842, 843, 844, 845, 846, 848, 849, 850, 851, 852, 853, 855, 856, 857, 858, 859, 860, 862, 863, 864, 865, 866, 867, 869, 870, 871, 872, 873, 874, 876, 877, 878, 879, 880, 881, 883, 884, 885, 886, 887, 888, 890, 891, 892, 893, 894, 896, 897, 898, 899, 900, 902, 903, 904, 905, 906, 908, 909, 910, 911, 912, 914, 915, 916, 917, 918, 920, 921, 922, 923, 924, 925, 927, 928, 929, 930, 931, 932, 934, 935, 936, 937, 938, 940, 941, 942, 943, 944, 946, 947, 948, 949, 950, 952, 953, 954, 955, 956, 958, 959, 960, 961, 962, 963, 965, 966, 967, 968, 969, 970, 972, 973, 974, 975, 976, 978, 979, 980, 981, 982, 983, 985, 986, 987, 988, 989, 991, 992, 993, 994, 995, 997, 998, 999, 1000];
Distribution of found integer solutions:
int_sols=[2, 4, 10, 12, 13, 19, 35, 42, 47, 52, 55, 79, 80, 82, 159, 160, 161, 165, 166, 167, 169, 175, 176, 177, 183, 184, 185, 192, 193, 194, 198, 213, 217, 218, 219, 221, 226, 231, 234, 249, 258, 259, 264, 271, 277, 359, 407, 408, 414, 427, 428, 430, 431, 432, 433, 434, 435, 436, 441, 449, 450, 451, 452, 454, 459, 460, 464, 469, 470, 471, 472, 473, 477, 478, 482, 487, 494, 495, 496, 497, 505, 506, 512, 513, 520, 523, 528, 536, 538, 543, 544, 545, 546, 547, 548, 552, 567, 568, 569, 570, 571, 572, 573, 575, 576, 577, 578, 579, 580, 585, 586, 589, 590, 591, 592, 593, 595, 601, 602, 603, 605, 606, 609, 611, 612, 613, 617, 618, 625, 633, 634, 635, 636, 638, 639, 641, 642, 643, 644, 650, 651, 652, 653, 655, 657, 664, 665, 666, 667, 671, 672, 673, 674, 675, 676, 680, 681, 687, 694, 695, 696, 701, 702, 708, 709, 710, 714, 715, 717, 718, 719, 721, 722, 723, 728, 729, 735, 736, 741, 742, 743, 748, 749, 750, 753, 755, 756, 757, 758, 759, 768, 769, 771, 773, 774, 776, 777, 779, 780, 785, 786, 788, 792, 793, 799, 800, 806, 813, 820, 827, 832, 833, 834, 839, 845, 846, 849, 851, 852, 853, 858, 860, 862, 866, 867, 869, 873, 874, 876, 879, 886, 887, 888, 892, 894, 898, 905, 912, 917, 918, 920, 921, 923, 924, 930, 931, 943, 950, 952, 953, 958, 965, 970, 979, 980, 983, 985, 986, 989, 997, 998];
Distribution of found duplicates:
int_dupl=[45, 75, 116, 124, 6, 8, 17, 43, 67, 70, 72, 77, 153, 156, 200, 202, 787, 65, 392, 399, 24, 29, 34, 39, 49, 137, 140, 145, 148, 211, 280, 284, 287, 291, 295, 298, 302, 306, 309, 313, 317, 321, 325, 329, 334, 338, 356, 372, 380, 15, 20, 22, 25, 27, 30, 32, 37, 40, 50, 135, 138, 141, 144, 147, 150, 279, 281, 285, 289, 292, 296, 300, 303, 307, 312, 316, 320, 324, 328, 332, 337, 345, 358, 373, 381, 143, 151, 283, 294, 305, 383, 288, 299, 310, 315, 319, 323, 327, 331, 335, 69, 74, 154, 157, 201, 204, 53, 56, 59, 62, 127, 130, 133, 227, 385, 387, 390, 394, 397, 402, 404, 58, 61, 64, 126, 128, 131, 384, 386, 389, 391, 393, 396, 398, 401, 403, 134, 405, 85, 88, 94, 97, 103, 106, 112, 115, 119, 123, 83, 86, 89, 92, 95, 98, 101, 104, 107, 110, 113, 118, 121, 91, 100, 109, 205, 162, 179, 181, 206, 209, 237, 239, 164, 180, 207, 235, 238, 241, 242, 265, 268, 273, 276, 170, 172, 171, 174, 214, 229, 251, 254, 230, 807, 809, 812, 210, 186, 189, 225, 848, 188, 190, 223, 347, 349, 196, 245, 247, 342, 365, 368, 840, 843, 197, 243, 246, 341, 364, 367, 369, 842, 340, 370, 215, 233, 250, 252, 255, 790, 222, 263, 355, 363, 378, 808, 811, 256, 343, 844, 260, 350, 352, 361, 376, 262, 346, 351, 353, 362, 377, 267, 269, 272, 275, 375, 409, 411, 413, 416, 418, 420, 423, 425, 762, 764, 934, 936, 973, 410, 412, 417, 419, 424, 426, 760, 763, 765, 932, 935, 972, 974, 421, 937, 766, 828, 831, 553, 555, 562, 565, 554, 561, 563, 566, 978, 981, 437, 439, 443, 446, 448, 438, 440, 442, 445, 447, 658, 502, 772, 682, 684, 453, 455, 457, 466, 558, 659, 661, 456, 458, 465, 467, 556, 559, 660, 461, 468, 688, 690, 693, 462, 504, 689, 691, 560, 514, 517, 519, 960, 962, 481, 483, 485, 489, 491, 814, 816, 479, 474, 476, 522, 938, 941, 475, 940, 942, 537, 539, 542, 525, 527, 529, 531, 534, 899, 902, 484, 486, 488, 490, 492, 521, 815, 818, 819, 770, 498, 500, 499, 501, 507, 509, 511, 508, 510, 516, 518, 959, 961, 963, 526, 530, 533, 535, 900, 903, 904, 541, 910, 550, 551, 946, 948, 944, 947, 949, 826, 574, 594, 596, 599, 663, 587, 604, 798, 581, 584, 583, 588, 619, 622, 624, 626, 628, 631, 801, 804, 616, 597, 600, 726, 607, 608, 614, 615, 621, 623, 627, 630, 632, 703, 705, 640, 781, 645, 648, 647, 649, 656, 668, 794, 797, 669, 795, 893, 896, 725, 730, 732, 677, 679, 734, 683, 686, 859, 697, 700, 698, 704, 707, 711, 716, 712, 966, 968, 724, 731, 737, 739, 738, 744, 746, 976, 745, 975, 751, 752, 929, 925, 928, 927, 906, 909, 784, 821, 824, 778, 783, 850, 791, 802, 805, 822, 825, 830, 836, 838, 837, 995, 911, 914, 916, 855, 857, 881, 884, 856, 880, 883, 885, 863, 865, 864, 870, 872, 871, 877, 878, 890, 891, 897, 908, 915, 922, 954, 956, 991, 993, 955, 992, 994, 967, 969, 982, 987, 988, 999, 1000];

Decomposition solution:
Meaning of solution vector: [P     8 [k=4 v=0] gets set {5}, P    46 [k=4 v=0] gets set {20}, P    93 [k=4 v=0] gets set {12}, P   103 [k=4 v=0] gets set {27}, P   113 [k=4 v=0] gets set {29}, P   191 [k=4 v=0] gets set {2}, P   200 [k=4 v=0] gets set {35}, P   252 [k=4 v=0] gets set {2}, P   271 [k=4 v=0] gets set {61}, P   297 [k=4 v=0] gets set {9}, P   321 [k=4 v=0] gets set {33}, P   373 [k=4 v=0] gets set {29}, P   404 [k=4 v=0] gets set {15}, P   460 [k=4 v=0] gets set {1}, P   467 [k=4 v=0] gets set {62}, P   471 [k=4 v=0] gets set {48}, P   475 [k=4 v=0] gets set {14}, P   477 [k=4 v=0] gets set {11}, P   487 [k=4 v=0] gets set {48}, P   488 [k=4 v=0] gets set {23}, P   491 [k=4 v=0] gets set {33}, P   492 [k=4 v=0] gets set {4}, P   505 [k=4 v=0] gets set {80}, P   517 [k=4 v=0] gets set {24}, P   527 [k=4 v=0] gets set {9}, P   536 [k=4 v=0] gets set {41}, P   546 [k=4 v=0] gets set {8}, P   558 [k=4 v=0] gets set {14}, P   594 [k=4 v=0] gets set {45}, P   624 [k=4 v=0] gets set {7}, P   637 [k=4 v=0] gets set {3}, P   650 [k=4 v=0] gets set {1}, P   671 [k=4 v=0] gets set {13}, P   701 [k=4 v=0] gets set {2}, P   716 [k=4 v=0] gets set {1}, P   746 [k=4 v=0] gets set {59}, P   748 [k=4 v=0] gets set {2}, P   792 [k=4 v=0] gets set {37}, P   800 [k=4 v=0] gets set {12}, P   823 [k=4 v=0] gets set {17}, P   826 [k=4 v=0] gets set {42}, P   828 [k=4 v=0] gets set {33}, P   914 [k=4 v=0] gets set {17}, P   921 [k=4 v=0] gets set {55}, P   937 [k=4 v=0] gets set {17}]
Probabilities and corresponding integer solution:
lambda_19 = 0.094643 and welfare = 11926.272299 and x_l = [1, 1, 1, 1, 1, 1, 1, 1, 1, 1, 1, 1, 1, 1, 1, 1, 1, 1, 1, 1, 1, 1, 0, 1, 1, 1, 1, 1, 1, 1, 1, 1, 1, 1, 1, 1, 1, 1, 1, 1, 0, 0, 1, 0, 1]
lambda_156 = 0.049554 and welfare = 11885.703083 and x_l = [1, 1, 1, 1, 1, 1, 1, 1, 1, 1, 1, 1, 1, 1, 1, 1, 1, 1, 1, 1, 1, 1, 0, 1, 1, 1, 1, 1, 1, 1, 1, 1, 1, 1, 1, 1, 1, 1, 1, 0, 0, 1, 0, 0, 1]
lambda_160 = 0.058482 and welfare = 11706.886041 and x_l = [1, 1, 1, 1, 1, 1, 1, 1, 1, 1, 1, 1, 1, 1, 1, 1, 1, 1, 1, 1, 1, 1, 0, 1, 1, 1, 1, 1, 1, 1, 1, 1, 1, 1, 1, 1, 1, 1, 0, 0, 0, 1, 1, 0, 0]
lambda_164 = 0.103571 and welfare = 1920.048279 and x_l = [0, 0, 0, 0, 0, 0, 0, 0, 0, 0, 0, 0, 0, 0, 0, 0, 0, 0, 0, 0, 0, 0, 0, 0, 0, 0, 0, 0, 0, 0, 0, 0, 0, 0, 0, 0, 0, 0, 0, 1, 0, 1, 1, 1, 1]
lambda_186 = 0.040625 and welfare = 11783.734667 and x_l = [1, 1, 1, 1, 1, 1, 1, 1, 1, 1, 1, 1, 1, 1, 1, 1, 1, 1, 1, 1, 1, 1, 0, 1, 1, 1, 1, 1, 1, 1, 1, 1, 1, 1, 1, 1, 1, 1, 0, 0, 0, 0, 0, 1, 0]
lambda_192 = 0.045089 and welfare = 695.364231 and x_l = [0, 0, 0, 0, 0, 0, 0, 0, 0, 0, 0, 0, 0, 0, 0, 0, 0, 0, 0, 0, 0, 0, 0, 0, 0, 0, 0, 0, 0, 0, 0, 0, 0, 0, 0, 0, 0, 0, 0, 1, 0, 1, 0, 0, 0]
lambda_201 = 0.108036 and welfare = 233.300997 and x_l = [0, 0, 0, 0, 0, 0, 0, 0, 0, 0, 0, 0, 0, 0, 0, 0, 0, 0, 0, 0, 0, 0, 0, 0, 0, 0, 0, 0, 0, 0, 0, 0, 0, 0, 0, 0, 0, 0, 0, 0, 0, 0, 0, 0, 1]
lambda_219 = 0.144196 and welfare = 12089.032711 and x_l = [1, 1, 1, 1, 1, 1, 1, 1, 1, 1, 1, 1, 1, 1, 1, 1, 1, 1, 1, 1, 1, 1, 0, 1, 1, 1, 1, 1, 1, 1, 1, 1, 1, 1, 1, 1, 1, 1, 0, 1, 1, 0, 0, 0, 1]
lambda_232 = 0.243304 and welfare = 2194.564747 and x_l = [0, 0, 0, 0, 0, 0, 0, 0, 0, 0, 0, 0, 0, 0, 0, 0, 0, 0, 0, 0, 0, 0, 0, 0, 0, 0, 0, 0, 0, 0, 0, 0, 0, 0, 0, 0, 0, 0, 1, 0, 1, 1, 1, 1, 0]
lambda_255 = 0.112500 and welfare = 13866.941893 and x_l = [1, 1, 1, 1, 1, 1, 1, 1, 1, 1, 1, 1, 1, 1, 1, 1, 1, 1, 1, 1, 1, 1, 1, 1, 1, 1, 1, 1, 1, 1, 1, 1, 1, 1, 1, 1, 1, 1, 1, 1, 1, 0, 0, 1, 0]
lambda_else = 0
Using 10 out of 261 integer solutions.
Expected social welfare: 6973.665730
Objective value of primal LP: 1.000000


