Analysis results no. 3

Ellipsoid method stopped in iteration 1000 because reached N.
Ellipsoid parameters: cut=central; eps=0.000000; N=1000; R=6.782330.
Ellipsoid performance: runtime=261.702867 sec.; constraint-cuts=828.

First iteration in which primal was feasible: 5.
In total 172 integer solutions where found, whereas 8 where used by primal.

Solution quality:
Expected social welfare=6973.665730
Absolute deviation=6038.676564
Variance=36783561.085035
Standard deviation=6064.945266
Coefficient of variation=0.869693

Distribution of constraint cuts:
cons_cuts=[2, 3, 5, 7, 9, 11, 13, 15, 16, 18, 20, 22, 24, 26, 27, 29, 31, 33, 34, 36, 38, 40, 41, 43, 45, 46, 48, 50, 51, 53, 55, 56, 58, 60, 61, 63, 64, 66, 68, 69, 71, 72, 74, 76, 77, 79, 81, 82, 84, 85, 87, 88, 90, 91, 93, 95, 96, 98, 99, 101, 103, 104, 106, 108, 109, 111, 112, 114, 115, 117, 118, 119, 121, 122, 124, 125, 127, 128, 130, 131, 132, 134, 135, 137, 138, 139, 140, 142, 143, 145, 146, 147, 148, 150, 151, 153, 154, 155, 157, 158, 159, 161, 162, 163, 165, 166, 167, 169, 170, 171, 173, 174, 175, 176, 178, 179, 180, 181, 182, 184, 185, 186, 188, 189, 190, 191, 193, 194, 195, 197, 198, 199, 200, 202, 203, 204, 206, 207, 208, 209, 211, 212, 213, 215, 216, 217, 218, 220, 221, 222, 223, 225, 226, 227, 229, 230, 231, 232, 234, 235, 236, 238, 239, 240, 241, 243, 244, 245, 246, 248, 249, 250, 252, 253, 254, 255, 257, 258, 259, 260, 261, 263, 264, 265, 267, 268, 269, 271, 272, 273, 275, 276, 277, 279, 280, 281, 282, 284, 285, 286, 287, 288, 290, 291, 292, 293, 294, 296, 297, 298, 299, 301, 302, 303, 304, 305, 307, 308, 309, 310, 312, 313, 314, 315, 316, 318, 319, 320, 321, 323, 324, 325, 326, 328, 329, 330, 331, 333, 334, 335, 336, 337, 339, 340, 341, 342, 343, 344, 346, 347, 348, 349, 350, 351, 352, 354, 355, 356, 357, 358, 359, 360, 361, 363, 364, 365, 366, 367, 368, 370, 371, 372, 373, 375, 376, 377, 378, 379, 380, 382, 383, 384, 385, 386, 387, 388, 390, 391, 392, 393, 394, 395, 396, 397, 399, 400, 401, 402, 403, 404, 406, 407, 408, 409, 410, 411, 413, 414, 415, 416, 417, 418, 419, 420, 422, 423, 424, 425, 426, 427, 428, 430, 431, 432, 433, 434, 435, 436, 438, 439, 440, 441, 442, 443, 444, 446, 447, 448, 449, 450, 452, 453, 454, 455, 456, 457, 458, 460, 461, 462, 463, 464, 465, 466, 468, 469, 470, 471, 472, 473, 474, 476, 477, 478, 479, 480, 481, 482, 484, 485, 486, 487, 488, 489, 490, 491, 492, 493, 494, 496, 497, 498, 499, 500, 501, 502, 503, 504, 505, 507, 508, 509, 510, 511, 512, 513, 514, 515, 516, 518, 519, 520, 521, 522, 523, 524, 525, 526, 527, 529, 530, 531, 532, 533, 534, 535, 536, 538, 539, 540, 541, 542, 543, 545, 546, 547, 548, 549, 550, 551, 553, 554, 555, 556, 557, 558, 560, 561, 562, 563, 564, 565, 566, 568, 569, 570, 571, 572, 573, 575, 576, 577, 578, 579, 580, 581, 583, 584, 585, 586, 587, 588, 589, 591, 592, 593, 594, 595, 596, 597, 598, 600, 601, 602, 603, 604, 605, 606, 608, 609, 610, 611, 612, 613, 614, 616, 617, 618, 619, 620, 621, 622, 623, 624, 626, 627, 628, 629, 630, 631, 632, 633, 634, 636, 637, 638, 639, 640, 641, 642, 643, 644, 646, 647, 648, 649, 650, 651, 652, 653, 655, 656, 657, 658, 659, 660, 661, 662, 664, 665, 666, 667, 668, 669, 670, 672, 673, 674, 675, 676, 677, 679, 680, 681, 682, 683, 684, 686, 687, 688, 689, 690, 691, 693, 694, 695, 696, 697, 699, 700, 701, 702, 703, 705, 706, 707, 708, 709, 711, 712, 713, 714, 715, 717, 718, 719, 720, 722, 723, 724, 725, 726, 728, 729, 730, 731, 732, 733, 734, 735, 737, 738, 739, 740, 741, 742, 743, 744, 745, 746, 747, 748, 750, 751, 752, 753, 754, 755, 756, 757, 758, 760, 761, 762, 763, 764, 765, 766, 767, 768, 770, 771, 772, 773, 774, 775, 776, 777, 778, 779, 781, 782, 783, 784, 785, 786, 787, 788, 789, 790, 791, 793, 794, 795, 796, 797, 798, 799, 800, 801, 802, 804, 805, 806, 807, 808, 809, 810, 811, 812, 813, 815, 816, 817, 818, 819, 820, 821, 822, 823, 824, 826, 827, 828, 829, 830, 831, 832, 833, 834, 835, 837, 838, 839, 840, 841, 842, 843, 844, 845, 847, 848, 849, 850, 851, 852, 853, 854, 855, 857, 858, 859, 860, 861, 862, 863, 864, 865, 867, 868, 869, 870, 871, 872, 873, 874, 875, 876, 878, 879, 880, 881, 882, 883, 884, 885, 886, 888, 889, 890, 891, 892, 893, 894, 895, 896, 898, 899, 900, 901, 902, 903, 904, 905, 906, 908, 909, 910, 911, 912, 913, 914, 915, 917, 918, 919, 920, 921, 922, 923, 925, 926, 927, 928, 929, 930, 931, 933, 934, 935, 936, 937, 938, 939, 941, 942, 943, 944, 945, 946, 947, 948, 950, 951, 952, 953, 954, 955, 956, 957, 959, 960, 961, 962, 963, 964, 965, 966, 968, 969, 970, 971, 972, 973, 974, 975, 976, 978, 979, 980, 981, 982, 983, 984, 985, 986, 988, 989, 990, 991, 992, 993, 994, 995, 996, 998, 999, 1000];
Distribution of found integer solutions:
int_sols=[2, 3, 5, 9, 34, 69, 95, 130, 131, 132, 139, 161, 162, 163, 166, 167, 169, 170, 171, 173, 174, 179, 180, 188, 197, 198, 208, 209, 215, 218, 220, 238, 239, 240, 257, 258, 282, 284, 285, 291, 297, 302, 328, 335, 336, 346, 347, 348, 350, 351, 354, 355, 356, 367, 373, 375, 377, 383, 384, 385, 386, 407, 416, 417, 418, 423, 432, 435, 440, 448, 454, 455, 456, 460, 468, 469, 470, 473, 474, 478, 484, 485, 491, 501, 502, 503, 507, 508, 509, 510, 511, 519, 520, 521, 526, 527, 529, 534, 547, 549, 555, 570, 578, 602, 604, 605, 617, 618, 619, 620, 621, 622, 623, 624, 626, 627, 628, 633, 640, 642, 643, 656, 729, 730, 731, 732, 738, 739, 740, 741, 743, 744, 745, 746, 747, 754, 773, 774, 778, 784, 785, 793, 800, 802, 808, 833, 852, 853, 855, 862, 863, 864, 869, 878, 879, 880, 881, 882, 884, 891, 898, 919, 931, 945, 959, 960, 964, 980, 981, 984, 985, 992];
Distribution of found duplicates:
int_dupl=[11, 20, 31, 40, 50, 60, 84, 121, 231, 431, 971, 16, 27, 41, 46, 51, 61, 79, 82, 87, 90, 114, 118, 124, 127, 230, 535, 538, 7, 18, 22, 29, 43, 45, 48, 53, 63, 71, 77, 81, 85, 88, 91, 115, 117, 125, 128, 536, 539, 13, 15, 24, 26, 33, 36, 38, 55, 58, 66, 68, 74, 76, 93, 96, 99, 101, 104, 106, 109, 112, 122, 234, 261, 263, 267, 269, 275, 277, 368, 371, 966, 969, 56, 64, 72, 98, 103, 111, 119, 232, 260, 265, 268, 276, 279, 370, 382, 965, 968, 970, 540, 108, 264, 273, 372, 159, 206, 824, 134, 137, 142, 145, 147, 153, 155, 158, 207, 212, 299, 323, 135, 138, 140, 143, 146, 148, 151, 154, 157, 211, 216, 298, 321, 150, 259, 165, 235, 424, 426, 428, 805, 813, 816, 236, 425, 427, 430, 815, 226, 229, 272, 324, 326, 330, 333, 376, 449, 452, 225, 227, 271, 325, 329, 331, 334, 365, 450, 453, 223, 249, 280, 446, 480, 482, 914, 917, 181, 184, 186, 189, 191, 194, 199, 202, 204, 304, 175, 178, 286, 288, 339, 341, 343, 565, 176, 287, 337, 340, 344, 566, 290, 342, 182, 185, 190, 193, 195, 200, 203, 303, 1000, 292, 294, 308, 310, 315, 318, 213, 243, 532, 542, 545, 550, 553, 583, 589, 601, 217, 244, 541, 543, 546, 551, 554, 584, 588, 591, 600, 221, 250, 253, 255, 222, 248, 252, 254, 281, 241, 246, 783, 245, 782, 476, 447, 479, 481, 913, 915, 301, 822, 293, 296, 307, 309, 312, 314, 316, 319, 305, 313, 320, 823, 359, 366, 849, 857, 859, 861, 867, 352, 357, 361, 364, 942, 349, 378, 380, 442, 851, 548, 557, 560, 569, 571, 573, 576, 379, 443, 850, 358, 360, 363, 943, 963, 415, 827, 829, 831, 826, 828, 830, 832, 441, 848, 854, 858, 860, 865, 390, 399, 579, 606, 611, 613, 387, 392, 394, 396, 401, 403, 406, 408, 410, 413, 388, 391, 393, 395, 397, 400, 402, 404, 409, 411, 414, 444, 457, 462, 464, 466, 419, 422, 433, 438, 420, 434, 439, 436, 886, 889, 885, 888, 505, 892, 918, 921, 923, 927, 929, 458, 461, 463, 465, 847, 471, 748, 806, 841, 843, 845, 472, 750, 807, 842, 844, 486, 488, 490, 494, 497, 499, 751, 753, 763, 765, 767, 477, 492, 926, 487, 489, 493, 496, 498, 500, 752, 764, 766, 768, 504, 893, 920, 922, 925, 928, 930, 770, 563, 899, 901, 903, 908, 910, 933, 935, 937, 939, 564, 772, 896, 900, 902, 904, 906, 909, 911, 934, 936, 941, 755, 771, 756, 518, 512, 514, 516, 596, 513, 515, 595, 522, 524, 533, 581, 586, 593, 597, 523, 525, 580, 587, 594, 598, 983, 530, 761, 531, 760, 737, 585, 592, 556, 558, 561, 568, 572, 575, 562, 577, 603, 608, 610, 612, 614, 609, 616, 790, 791, 834, 837, 835, 838, 639, 801, 973, 975, 978, 641, 972, 974, 976, 629, 631, 634, 637, 758, 630, 632, 636, 638, 757, 839, 840, 648, 669, 701, 713, 718, 644, 647, 649, 651, 653, 658, 660, 664, 666, 668, 672, 674, 677, 680, 684, 687, 690, 693, 697, 700, 702, 705, 709, 712, 714, 717, 720, 724, 726, 961, 646, 650, 652, 655, 657, 659, 661, 665, 667, 670, 673, 675, 679, 681, 683, 686, 688, 691, 694, 696, 699, 703, 706, 708, 711, 715, 719, 722, 725, 728, 962, 662, 676, 682, 689, 695, 707, 723, 733, 735, 795, 797, 799, 734, 794, 796, 798, 742, 781, 809, 811, 818, 820, 871, 873, 875, 819, 821, 870, 872, 874, 876, 779, 804, 810, 812, 868, 762, 775, 777, 786, 788, 994, 996, 999, 776, 787, 789, 993, 995, 998, 979, 817, 946, 948, 953, 955, 944, 947, 950, 952, 954, 956, 883, 894, 890, 895, 905, 912, 938, 951, 957, 982, 986, 989, 991, 988, 990];

Decomposition solution:
Meaning of solution vector: [P     8 [k=4 v=0] gets set {5}, P    46 [k=4 v=0] gets set {20}, P    93 [k=4 v=0] gets set {12}, P   103 [k=4 v=0] gets set {27}, P   113 [k=4 v=0] gets set {29}, P   191 [k=4 v=0] gets set {2}, P   200 [k=4 v=0] gets set {35}, P   252 [k=4 v=0] gets set {2}, P   271 [k=4 v=0] gets set {61}, P   297 [k=4 v=0] gets set {9}, P   321 [k=4 v=0] gets set {33}, P   373 [k=4 v=0] gets set {29}, P   404 [k=4 v=0] gets set {15}, P   460 [k=4 v=0] gets set {1}, P   467 [k=4 v=0] gets set {62}, P   471 [k=4 v=0] gets set {48}, P   475 [k=4 v=0] gets set {14}, P   477 [k=4 v=0] gets set {11}, P   487 [k=4 v=0] gets set {48}, P   488 [k=4 v=0] gets set {23}, P   491 [k=4 v=0] gets set {33}, P   492 [k=4 v=0] gets set {4}, P   505 [k=4 v=0] gets set {80}, P   517 [k=4 v=0] gets set {24}, P   527 [k=4 v=0] gets set {9}, P   536 [k=4 v=0] gets set {41}, P   546 [k=4 v=0] gets set {8}, P   558 [k=4 v=0] gets set {14}, P   594 [k=4 v=0] gets set {45}, P   624 [k=4 v=0] gets set {7}, P   637 [k=4 v=0] gets set {3}, P   650 [k=4 v=0] gets set {1}, P   671 [k=4 v=0] gets set {13}, P   701 [k=4 v=0] gets set {2}, P   716 [k=4 v=0] gets set {1}, P   746 [k=4 v=0] gets set {59}, P   748 [k=4 v=0] gets set {2}, P   792 [k=4 v=0] gets set {37}, P   800 [k=4 v=0] gets set {12}, P   823 [k=4 v=0] gets set {17}, P   826 [k=4 v=0] gets set {42}, P   828 [k=4 v=0] gets set {33}, P   914 [k=4 v=0] gets set {17}, P   921 [k=4 v=0] gets set {55}, P   937 [k=4 v=0] gets set {17}]
Probabilities and corresponding integer solution:
lambda_7 = 0.112500 and welfare = 13788.539496 and x_l = [1, 1, 1, 1, 1, 1, 1, 1, 1, 1, 1, 1, 1, 1, 1, 1, 1, 1, 1, 1, 1, 1, 1, 1, 1, 1, 1, 1, 1, 1, 1, 1, 1, 1, 1, 1, 1, 1, 1, 1, 1, 1, 0, 0, 1]
lambda_9 = 0.137500 and welfare = 12714.228414 and x_l = [1, 1, 1, 1, 1, 1, 1, 1, 1, 1, 1, 1, 1, 1, 1, 1, 1, 1, 1, 1, 1, 1, 0, 1, 1, 1, 1, 1, 1, 1, 1, 1, 1, 1, 1, 1, 1, 1, 1, 1, 1, 1, 0, 0, 1]
lambda_15 = 0.125000 and welfare = 756.528284 and x_l = [0, 0, 0, 0, 0, 0, 0, 0, 0, 0, 0, 0, 0, 0, 0, 0, 0, 0, 0, 0, 0, 0, 0, 0, 0, 0, 0, 0, 0, 0, 0, 0, 0, 0, 0, 0, 0, 0, 0, 0, 0, 0, 0, 1, 0]
lambda_41 = 0.125000 and welfare = 234.854767 and x_l = [0, 0, 0, 0, 0, 0, 0, 0, 0, 0, 0, 0, 0, 0, 0, 0, 0, 0, 0, 0, 0, 0, 0, 0, 0, 0, 0, 0, 0, 0, 0, 0, 0, 0, 0, 0, 0, 0, 0, 0, 0, 0, 1, 0, 0]
lambda_71 = 0.125000 and welfare = 2053.209380 and x_l = [0, 0, 0, 0, 0, 0, 0, 0, 0, 0, 0, 0, 0, 0, 0, 0, 0, 0, 0, 0, 0, 0, 0, 0, 0, 0, 0, 0, 0, 0, 0, 0, 0, 0, 0, 0, 0, 0, 0, 1, 1, 0, 1, 1, 1]
lambda_79 = 0.125000 and welfare = 695.364231 and x_l = [0, 0, 0, 0, 0, 0, 0, 0, 0, 0, 0, 0, 0, 0, 0, 0, 0, 0, 0, 0, 0, 0, 0, 0, 0, 0, 0, 0, 0, 0, 0, 0, 0, 0, 0, 0, 0, 0, 0, 1, 0, 1, 0, 0, 0]
lambda_86 = 0.125000 and welfare = 12877.086134 and x_l = [1, 1, 1, 1, 1, 1, 1, 1, 1, 1, 1, 1, 1, 1, 1, 1, 1, 1, 1, 1, 1, 1, 0, 1, 1, 1, 1, 1, 1, 1, 1, 1, 1, 1, 1, 1, 1, 1, 1, 0, 0, 1, 1, 1, 1]
lambda_125 = 0.125000 and welfare = 12776.946238 and x_l = [1, 1, 1, 1, 1, 1, 1, 1, 1, 1, 1, 1, 1, 1, 1, 1, 1, 1, 1, 1, 1, 1, 0, 1, 1, 1, 1, 1, 1, 1, 1, 1, 1, 1, 1, 1, 1, 1, 1, 0, 1, 0, 1, 1, 0]
lambda_else = 0
Using 8 out of 172 integer solutions.
Expected social welfare: 6973.665730
Objective value of primal LP: 1.000000


