Analysis results no. 6

Ellipsoid method stopped in iteration 1000 because reached N.
Ellipsoid parameters: cut=shallow; eps=0.000000; N=1000; R=6.782330.
Ellipsoid performance: runtime=244.284580 sec.; constraint-cuts=552.

First iteration in which primal was feasible: 5.
In total 74 integer solutions where found, whereas 8 where used by primal.

Solution quality:
Expected social welfare=6973.665730
Absolute deviation=5854.997885
Variance=35304245.699126
Standard deviation=5941.737599
Coefficient of variation=0.852025

Distribution of constraint cuts:
cons_cuts=[2, 3, 5, 7, 9, 11, 13, 15, 17, 19, 21, 23, 25, 27, 29, 31, 33, 34, 36, 38, 40, 42, 44, 46, 48, 50, 52, 53, 54, 56, 58, 60, 61, 63, 65, 67, 69, 71, 73, 75, 77, 79, 81, 83, 85, 87, 89, 90, 92, 94, 96, 98, 100, 102, 103, 105, 106, 108, 110, 112, 113, 115, 117, 119, 121, 123, 125, 127, 129, 131, 133, 135, 137, 139, 140, 142, 144, 146, 148, 150, 152, 154, 155, 157, 158, 160, 161, 163, 165, 167, 169, 171, 173, 175, 177, 179, 181, 183, 185, 186, 188, 190, 192, 194, 196, 198, 200, 202, 204, 206, 207, 209, 210, 211, 213, 215, 217, 219, 221, 223, 225, 226, 228, 230, 232, 234, 236, 238, 240, 242, 244, 246, 248, 250, 252, 253, 255, 257, 258, 260, 261, 263, 264, 266, 268, 270, 272, 274, 276, 278, 280, 282, 284, 286, 288, 290, 292, 294, 295, 297, 299, 301, 303, 305, 307, 309, 310, 312, 313, 314, 316, 318, 320, 322, 324, 326, 327, 329, 331, 333, 335, 337, 339, 341, 343, 345, 347, 348, 350, 352, 354, 356, 358, 360, 361, 363, 364, 366, 367, 369, 371, 373, 374, 376, 378, 380, 382, 384, 386, 388, 390, 392, 394, 395, 397, 399, 401, 403, 405, 407, 408, 410, 411, 413, 414, 416, 418, 419, 421, 423, 425, 427, 429, 431, 433, 435, 437, 438, 440, 442, 444, 446, 448, 450, 452, 454, 456, 458, 459, 461, 462, 464, 465, 467, 468, 470, 472, 474, 476, 478, 480, 482, 484, 486, 488, 489, 491, 493, 495, 497, 499, 501, 503, 505, 507, 509, 511, 512, 514, 516, 518, 520, 521, 523, 524, 526, 527, 529, 531, 532, 534, 536, 538, 540, 542, 544, 546, 548, 550, 551, 553, 555, 557, 559, 561, 563, 565, 567, 569, 571, 572, 574, 576, 577, 579, 580, 582, 583, 585, 587, 589, 590, 592, 594, 596, 598, 600, 602, 603, 605, 607, 609, 611, 613, 615, 617, 618, 620, 622, 624, 626, 628, 630, 631, 633, 634, 636, 637, 639, 640, 642, 644, 646, 648, 650, 651, 653, 655, 657, 659, 661, 663, 665, 666, 668, 670, 672, 674, 676, 678, 680, 681, 683, 685, 687, 688, 690, 692, 693, 695, 696, 698, 699, 701, 703, 705, 706, 708, 710, 712, 714, 716, 718, 720, 721, 723, 725, 727, 729, 731, 733, 735, 736, 738, 740, 742, 743, 745, 747, 748, 750, 751, 753, 755, 756, 758, 760, 761, 763, 765, 767, 769, 770, 772, 774, 776, 778, 780, 782, 783, 785, 787, 789, 791, 793, 795, 797, 799, 800, 802, 804, 806, 807, 809, 810, 812, 813, 815, 816, 818, 820, 822, 823, 825, 827, 829, 830, 832, 834, 836, 838, 840, 842, 844, 846, 848, 850, 851, 853, 855, 857, 859, 861, 863, 864, 866, 868, 869, 871, 872, 874, 875, 877, 879, 880, 882, 883, 885, 887, 889, 890, 892, 894, 896, 898, 900, 902, 903, 905, 907, 909, 911, 913, 914, 916, 918, 920, 922, 924, 925, 927, 929, 931, 932, 934, 935, 937, 939, 940, 942, 944, 945, 947, 948, 950, 952, 954, 955, 957, 959, 961, 963, 965, 966, 968, 970, 972, 973, 975, 977, 979, 981, 983, 985, 986, 988, 990, 992, 994, 996, 998, 999];
Distribution of found integer solutions:
int_sols=[2, 3, 5, 9, 29, 34, 36, 50, 52, 53, 56, 60, 61, 63, 77, 89, 90, 92, 94, 100, 108, 131, 140, 150, 152, 154, 155, 160, 161, 163, 171, 213, 215, 257, 260, 294, 295, 297, 303, 318, 369, 373, 413, 416, 421, 438, 464, 465, 518, 520, 532, 576, 592, 603, 605, 622, 633, 665, 705, 743, 755, 804, 823, 825, 857, 874, 879, 925, 927, 931, 954, 955, 957, 966];
Distribution of found duplicates:
int_dupl=[11, 21, 40, 71, 121, 173, 183, 192, 250, 337, 347, 356, 394, 505, 602, 674, 733, 780, 789, 846, 900, 920, 983, 186, 253, 348, 363, 395, 698, 721, 783, 851, 903, 986, 7, 142, 188, 190, 255, 350, 352, 397, 399, 401, 723, 725, 727, 785, 787, 853, 855, 905, 907, 988, 990, 13, 15, 17, 19, 23, 25, 27, 31, 33, 42, 44, 46, 48, 58, 69, 73, 75, 79, 83, 85, 87, 98, 110, 123, 125, 127, 129, 133, 135, 137, 139, 144, 146, 148, 175, 177, 179, 181, 185, 194, 196, 198, 204, 219, 221, 225, 236, 238, 244, 246, 248, 252, 270, 272, 274, 276, 278, 280, 282, 284, 286, 288, 290, 292, 307, 322, 324, 335, 339, 341, 343, 345, 354, 358, 382, 384, 386, 388, 390, 392, 405, 429, 431, 433, 435, 450, 452, 454, 472, 474, 476, 478, 480, 482, 484, 486, 488, 491, 493, 497, 499, 501, 507, 509, 511, 540, 542, 544, 546, 548, 550, 553, 555, 557, 559, 561, 563, 565, 567, 600, 609, 613, 624, 626, 628, 659, 663, 672, 676, 678, 680, 718, 720, 729, 731, 769, 778, 782, 791, 793, 795, 797, 829, 832, 834, 836, 838, 840, 842, 844, 848, 850, 859, 861, 898, 902, 909, 922, 924, 961, 979, 981, 985, 994, 996, 38, 462, 102, 206, 309, 316, 360, 407, 458, 687, 806, 812, 818, 863, 939, 950, 998, 54, 105, 106, 157, 158, 210, 261, 264, 312, 313, 366, 461, 470, 489, 523, 582, 639, 815, 830, 934, 947, 103, 207, 211, 258, 310, 314, 361, 364, 367, 371, 408, 411, 414, 418, 459, 577, 580, 583, 587, 634, 637, 640, 670, 688, 690, 807, 810, 813, 816, 820, 822, 864, 872, 877, 880, 932, 940, 999, 81, 202, 305, 326, 456, 611, 327, 65, 67, 268, 329, 331, 333, 301, 112, 240, 403, 963, 992, 113, 410, 115, 117, 119, 96, 200, 448, 503, 615, 799, 516, 165, 167, 169, 223, 228, 230, 232, 234, 266, 423, 425, 427, 716, 242, 594, 596, 598, 607, 617, 892, 894, 896, 913, 618, 630, 636, 914, 944, 263, 620, 631, 916, 935, 942, 945, 948, 534, 536, 571, 968, 970, 209, 226, 419, 529, 965, 526, 217, 521, 524, 527, 531, 574, 589, 668, 693, 696, 699, 703, 738, 745, 753, 756, 869, 374, 299, 320, 437, 440, 442, 444, 446, 495, 569, 644, 646, 648, 650, 653, 655, 657, 661, 708, 710, 712, 714, 937, 866, 952, 376, 378, 380, 918, 467, 551, 695, 809, 642, 651, 706, 750, 758, 512, 468, 514, 538, 735, 740, 767, 772, 774, 776, 572, 579, 585, 666, 692, 736, 742, 868, 701, 747, 761, 770, 590, 871, 882, 890, 685, 972, 681, 800, 973, 683, 802, 975, 911, 748, 751, 760, 763, 765, 977, 827, 875, 883, 887, 889, 885, 929, 959];

Decomposition solution:
Meaning of solution vector: [P     8 [k=4 v=0] gets set {5}, P    46 [k=4 v=0] gets set {20}, P    93 [k=4 v=0] gets set {12}, P   103 [k=4 v=0] gets set {27}, P   113 [k=4 v=0] gets set {29}, P   191 [k=4 v=0] gets set {2}, P   200 [k=4 v=0] gets set {35}, P   252 [k=4 v=0] gets set {2}, P   271 [k=4 v=0] gets set {61}, P   297 [k=4 v=0] gets set {9}, P   321 [k=4 v=0] gets set {33}, P   373 [k=4 v=0] gets set {29}, P   404 [k=4 v=0] gets set {15}, P   460 [k=4 v=0] gets set {1}, P   467 [k=4 v=0] gets set {62}, P   471 [k=4 v=0] gets set {48}, P   475 [k=4 v=0] gets set {14}, P   477 [k=4 v=0] gets set {11}, P   487 [k=4 v=0] gets set {48}, P   488 [k=4 v=0] gets set {23}, P   491 [k=4 v=0] gets set {33}, P   492 [k=4 v=0] gets set {4}, P   505 [k=4 v=0] gets set {80}, P   517 [k=4 v=0] gets set {24}, P   527 [k=4 v=0] gets set {9}, P   536 [k=4 v=0] gets set {41}, P   546 [k=4 v=0] gets set {8}, P   558 [k=4 v=0] gets set {14}, P   594 [k=4 v=0] gets set {45}, P   624 [k=4 v=0] gets set {7}, P   637 [k=4 v=0] gets set {3}, P   650 [k=4 v=0] gets set {1}, P   671 [k=4 v=0] gets set {13}, P   701 [k=4 v=0] gets set {2}, P   716 [k=4 v=0] gets set {1}, P   746 [k=4 v=0] gets set {59}, P   748 [k=4 v=0] gets set {2}, P   792 [k=4 v=0] gets set {37}, P   800 [k=4 v=0] gets set {12}, P   823 [k=4 v=0] gets set {17}, P   826 [k=4 v=0] gets set {42}, P   828 [k=4 v=0] gets set {33}, P   914 [k=4 v=0] gets set {17}, P   921 [k=4 v=0] gets set {55}, P   937 [k=4 v=0] gets set {17}]
Probabilities and corresponding integer solution:
lambda_9 = 0.204167 and welfare = 0.000000 and x_l = [0, 0, 0, 0, 0, 0, 0, 0, 0, 0, 0, 0, 0, 0, 0, 0, 0, 0, 0, 0, 0, 0, 0, 0, 0, 0, 0, 0, 0, 0, 0, 0, 0, 0, 0, 0, 0, 0, 0, 0, 0, 0, 0, 0, 0]
lambda_18 = 0.295833 and welfare = 13260.786575 and x_l = [1, 1, 1, 1, 1, 1, 1, 1, 1, 1, 1, 1, 1, 1, 1, 1, 1, 1, 1, 1, 1, 1, 0, 1, 1, 1, 1, 1, 1, 1, 1, 1, 1, 1, 1, 1, 1, 1, 1, 1, 1, 0, 1, 1, 1]
lambda_20 = 0.045833 and welfare = 13237.455702 and x_l = [1, 1, 1, 1, 1, 1, 1, 1, 1, 1, 1, 1, 1, 1, 1, 1, 1, 1, 1, 1, 1, 1, 0, 1, 1, 1, 1, 1, 1, 1, 1, 1, 1, 1, 1, 1, 1, 1, 1, 1, 1, 1, 0, 1, 0]
lambda_36 = 0.045833 and welfare = 1256.111879 and x_l = [0, 0, 0, 0, 0, 0, 0, 0, 0, 0, 0, 0, 0, 0, 0, 0, 0, 0, 0, 0, 0, 0, 0, 0, 0, 0, 0, 0, 0, 0, 0, 0, 0, 0, 0, 0, 0, 0, 0, 0, 1, 1, 0, 0, 1]
lambda_46 = 0.045833 and welfare = 1434.654172 and x_l = [0, 0, 0, 0, 0, 0, 0, 0, 0, 0, 0, 0, 0, 0, 0, 0, 0, 0, 0, 0, 0, 0, 0, 0, 0, 0, 0, 0, 0, 0, 0, 0, 0, 0, 0, 0, 0, 0, 0, 0, 0, 1, 0, 1, 1]
lambda_50 = 0.091667 and welfare = 679.679658 and x_l = [0, 0, 0, 0, 0, 0, 0, 0, 0, 0, 0, 0, 0, 0, 0, 0, 0, 0, 0, 0, 0, 0, 0, 0, 0, 0, 0, 0, 0, 0, 0, 0, 0, 0, 0, 0, 0, 0, 0, 0, 0, 1, 1, 0, 0]
lambda_68 = 0.158333 and welfare = 11902.941426 and x_l = [1, 1, 1, 1, 1, 1, 1, 1, 1, 1, 1, 1, 1, 1, 1, 1, 1, 1, 1, 1, 1, 1, 0, 1, 1, 1, 1, 1, 1, 1, 1, 1, 1, 1, 1, 1, 1, 1, 1, 1, 0, 1, 0, 0, 0]
lambda_69 = 0.112500 and welfare = 3321.806013 and x_l = [0, 0, 0, 0, 0, 0, 0, 0, 0, 0, 0, 0, 0, 0, 0, 0, 0, 0, 0, 0, 0, 0, 1, 0, 0, 0, 0, 0, 0, 0, 0, 0, 0, 0, 0, 0, 0, 0, 0, 0, 1, 1, 1, 1, 1]
lambda_else = 0
Using 8 out of 74 integer solutions.
Expected social welfare: 6973.665730
Objective value of primal LP: 1.000000


