Analysis results no. 14

Ellipsoid method stopped in iteration 1000 because reached N.
Ellipsoid parameters: cut=deep; eps=0.000000; N=1000; R=6.782330.
Ellipsoid performance: runtime=239.921195 sec.; constraint-cuts=753.

First iteration in which primal was feasible: 6.
In total 169 integer solutions where found, whereas 9 where used by primal.

Solution quality:
Expected social welfare=6973.665730
Absolute deviation=5409.142582
Variance=29594293.694819
Standard deviation=5440.063758
Coefficient of variation=0.780087

Distribution of constraint cuts:
cons_cuts=[2, 4, 6, 9, 12, 14, 16, 19, 21, 23, 26, 28, 30, 33, 35, 37, 40, 43, 45, 47, 50, 52, 53, 56, 58, 60, 62, 65, 66, 69, 71, 73, 75, 77, 79, 81, 83, 85, 87, 89, 91, 93, 95, 97, 99, 101, 103, 105, 107, 108, 111, 112, 115, 116, 118, 120, 122, 124, 126, 127, 129, 131, 133, 135, 136, 138, 140, 141, 143, 145, 147, 149, 151, 152, 154, 156, 158, 159, 161, 162, 164, 166, 168, 169, 171, 173, 175, 176, 178, 180, 182, 183, 185, 187, 189, 190, 192, 194, 196, 197, 199, 201, 203, 204, 206, 208, 210, 211, 213, 215, 216, 218, 220, 222, 223, 225, 226, 228, 229, 230, 232, 233, 235, 236, 238, 239, 241, 242, 243, 244, 246, 247, 248, 249, 250, 251, 252, 254, 255, 256, 257, 258, 260, 261, 262, 263, 264, 266, 267, 268, 269, 270, 271, 272, 274, 275, 276, 277, 278, 280, 281, 282, 283, 284, 286, 287, 288, 289, 291, 292, 293, 294, 295, 296, 297, 299, 300, 301, 302, 303, 304, 306, 307, 308, 309, 310, 312, 313, 314, 315, 316, 318, 319, 320, 322, 323, 324, 325, 327, 328, 329, 330, 331, 332, 334, 335, 336, 337, 338, 340, 341, 342, 343, 344, 346, 347, 348, 349, 351, 352, 353, 355, 356, 357, 359, 360, 361, 362, 364, 365, 366, 367, 369, 370, 371, 373, 374, 375, 376, 378, 379, 380, 382, 383, 384, 385, 387, 388, 389, 390, 392, 393, 394, 396, 397, 398, 399, 401, 402, 403, 404, 405, 406, 407, 408, 410, 411, 412, 413, 414, 415, 416, 417, 418, 420, 421, 422, 423, 424, 425, 426, 427, 429, 430, 431, 432, 433, 434, 436, 437, 438, 439, 440, 442, 443, 444, 445, 446, 448, 449, 450, 451, 452, 454, 455, 456, 457, 458, 460, 461, 462, 463, 465, 466, 467, 469, 470, 471, 472, 474, 475, 476, 477, 479, 480, 481, 482, 484, 485, 486, 487, 489, 490, 491, 492, 494, 495, 496, 497, 499, 500, 501, 503, 504, 505, 506, 508, 509, 510, 511, 513, 514, 515, 517, 518, 519, 520, 522, 523, 524, 525, 526, 527, 528, 529, 530, 531, 532, 533, 534, 535, 536, 538, 539, 540, 541, 542, 543, 544, 545, 546, 547, 548, 550, 551, 552, 553, 554, 555, 556, 557, 559, 560, 561, 562, 563, 564, 565, 567, 568, 569, 570, 571, 572, 573, 575, 576, 577, 578, 579, 581, 582, 583, 584, 585, 587, 588, 589, 590, 591, 593, 594, 595, 596, 598, 599, 600, 601, 602, 604, 605, 606, 607, 609, 610, 611, 612, 614, 615, 616, 617, 619, 620, 621, 622, 624, 625, 626, 627, 629, 630, 631, 633, 634, 635, 637, 638, 639, 641, 642, 643, 645, 646, 647, 648, 649, 650, 652, 653, 654, 655, 656, 657, 659, 660, 661, 662, 663, 665, 666, 667, 668, 669, 671, 672, 673, 674, 675, 676, 678, 679, 680, 681, 682, 684, 685, 686, 687, 688, 690, 691, 692, 693, 695, 696, 697, 698, 699, 701, 702, 703, 704, 705, 707, 708, 709, 710, 712, 713, 714, 715, 717, 718, 719, 720, 721, 723, 724, 725, 727, 728, 729, 731, 732, 733, 735, 736, 737, 738, 740, 741, 743, 744, 745, 747, 748, 749, 751, 752, 754, 755, 756, 757, 758, 760, 761, 762, 763, 764, 765, 767, 768, 769, 770, 771, 773, 774, 775, 776, 778, 779, 780, 781, 782, 783, 785, 786, 787, 788, 789, 790, 792, 793, 794, 795, 796, 798, 799, 800, 801, 802, 804, 805, 806, 807, 808, 810, 811, 812, 813, 814, 816, 817, 818, 819, 820, 822, 823, 824, 825, 826, 828, 829, 830, 831, 833, 834, 835, 836, 838, 839, 840, 841, 842, 844, 845, 846, 847, 848, 849, 851, 852, 853, 854, 855, 857, 858, 859, 860, 861, 862, 864, 865, 866, 867, 868, 870, 871, 872, 873, 874, 876, 877, 878, 879, 881, 882, 883, 884, 885, 887, 888, 889, 890, 891, 893, 894, 895, 896, 897, 899, 900, 901, 902, 904, 905, 906, 907, 909, 910, 911, 912, 914, 915, 916, 917, 919, 920, 921, 922, 924, 925, 926, 927, 928, 930, 931, 932, 933, 935, 936, 937, 938, 940, 941, 942, 943, 945, 946, 947, 948, 950, 951, 952, 953, 955, 956, 957, 959, 960, 961, 963, 964, 965, 967, 968, 969, 970, 972, 973, 974, 975, 976, 977, 979, 980, 981, 982, 983, 985, 986, 987, 988, 989, 990, 992, 993, 994, 995, 996, 998, 999, 1000];
Distribution of found integer solutions:
int_sols=[2, 4, 6, 12, 28, 35, 118, 242, 243, 244, 246, 263, 264, 266, 274, 282, 289, 291, 292, 294, 302, 309, 310, 325, 327, 328, 334, 335, 337, 347, 360, 361, 373, 382, 388, 394, 396, 402, 403, 404, 405, 406, 413, 414, 415, 416, 420, 421, 423, 425, 427, 429, 437, 438, 439, 440, 442, 444, 446, 454, 460, 461, 465, 467, 471, 474, 475, 476, 479, 486, 496, 497, 503, 504, 505, 517, 518, 522, 523, 524, 525, 526, 527, 528, 529, 535, 536, 538, 539, 540, 541, 543, 544, 550, 557, 559, 560, 562, 563, 564, 565, 567, 569, 570, 571, 573, 575, 579, 582, 584, 589, 607, 610, 614, 620, 631, 643, 645, 648, 649, 650, 652, 653, 654, 657, 659, 662, 665, 667, 668, 673, 687, 688, 693, 699, 715, 719, 731, 754, 760, 775, 779, 781, 782, 783, 802, 806, 807, 812, 814, 819, 840, 845, 853, 858, 861, 874, 877, 881, 893, 894, 927, 928, 933, 945, 951, 968, 975, 982];
Distribution of found duplicates:
int_dupl=[16, 50, 60, 105, 135, 159, 168, 182, 196, 210, 215, 14, 21, 52, 65, 75, 79, 87, 91, 99, 103, 136, 140, 154, 158, 162, 166, 171, 176, 180, 185, 190, 194, 199, 204, 208, 213, 218, 9, 19, 23, 26, 30, 53, 66, 73, 77, 81, 85, 89, 93, 97, 101, 138, 141, 152, 156, 161, 164, 169, 173, 178, 183, 187, 192, 197, 201, 206, 211, 216, 220, 666, 33, 37, 40, 43, 47, 56, 62, 69, 108, 112, 116, 120, 124, 127, 131, 145, 149, 225, 228, 232, 235, 239, 762, 764, 767, 71, 83, 95, 143, 175, 189, 203, 222, 45, 58, 107, 111, 115, 122, 129, 133, 147, 223, 226, 230, 233, 238, 241, 472, 761, 763, 765, 126, 151, 229, 236, 768, 254, 359, 839, 926, 248, 250, 252, 255, 257, 260, 283, 286, 352, 355, 357, 922, 925, 247, 249, 251, 256, 258, 261, 284, 353, 356, 445, 921, 924, 262, 287, 346, 581, 793, 795, 834, 836, 267, 269, 271, 276, 278, 281, 288, 349, 398, 401, 491, 494, 755, 757, 828, 830, 268, 270, 272, 275, 277, 280, 348, 397, 399, 480, 492, 756, 758, 829, 831, 833, 351, 798, 366, 990, 293, 295, 297, 300, 304, 307, 312, 314, 316, 319, 322, 375, 378, 511, 514, 296, 299, 301, 303, 306, 308, 313, 315, 320, 323, 374, 376, 379, 510, 513, 804, 318, 515, 324, 380, 805, 609, 611, 883, 976, 329, 331, 365, 383, 385, 985, 987, 989, 330, 332, 384, 387, 983, 986, 988, 336, 338, 341, 343, 367, 370, 344, 509, 907, 920, 340, 342, 364, 369, 371, 466, 469, 362, 389, 392, 390, 393, 792, 794, 796, 835, 838, 451, 407, 410, 412, 418, 616, 619, 622, 625, 629, 633, 635, 639, 895, 897, 900, 424, 426, 408, 411, 417, 436, 615, 617, 621, 624, 627, 630, 634, 638, 641, 896, 899, 458, 452, 455, 457, 495, 422, 431, 433, 595, 598, 935, 937, 941, 943, 430, 432, 434, 596, 599, 936, 938, 942, 590, 593, 999, 594, 813, 816, 818, 450, 481, 499, 501, 890, 600, 940, 443, 846, 848, 851, 448, 449, 847, 849, 852, 679, 456, 462, 487, 822, 824, 463, 489, 820, 823, 825, 490, 826, 470, 477, 484, 970, 973, 977, 980, 482, 969, 972, 974, 979, 485, 500, 889, 891, 506, 910, 915, 917, 508, 906, 911, 916, 919, 519, 520, 588, 576, 578, 602, 605, 585, 769, 771, 774, 533, 672, 914, 530, 532, 534, 647, 671, 902, 905, 912, 542, 548, 680, 682, 685, 868, 681, 684, 531, 646, 904, 909, 714, 717, 720, 723, 727, 729, 733, 737, 740, 744, 748, 751, 583, 655, 587, 770, 773, 572, 862, 661, 864, 866, 707, 545, 547, 552, 554, 556, 870, 872, 546, 551, 553, 555, 778, 871, 873, 686, 561, 696, 698, 695, 697, 857, 859, 568, 660, 855, 865, 785, 787, 789, 790, 876, 878, 854, 577, 601, 604, 606, 656, 591, 1000, 612, 884, 888, 626, 637, 901, 642, 841, 844, 885, 842, 882, 887, 713, 780, 786, 788, 674, 676, 663, 867, 669, 701, 703, 705, 708, 710, 702, 704, 709, 712, 675, 678, 690, 692, 691, 718, 721, 724, 728, 732, 735, 738, 743, 745, 749, 725, 736, 747, 741, 752, 776, 799, 801, 993, 995, 800, 992, 994, 996, 998, 808, 811, 810, 817, 860, 981, 879, 930, 932, 946, 948, 952, 955, 959, 963, 965, 931, 947, 950, 953, 957, 960, 964, 956, 967, 961];

Decomposition solution:
Meaning of solution vector: [P     8 [k=4 v=0] gets set {5}, P    46 [k=4 v=0] gets set {20}, P    93 [k=4 v=0] gets set {12}, P   103 [k=4 v=0] gets set {27}, P   113 [k=4 v=0] gets set {29}, P   191 [k=4 v=0] gets set {2}, P   200 [k=4 v=0] gets set {35}, P   252 [k=4 v=0] gets set {2}, P   271 [k=4 v=0] gets set {61}, P   297 [k=4 v=0] gets set {9}, P   321 [k=4 v=0] gets set {33}, P   373 [k=4 v=0] gets set {29}, P   404 [k=4 v=0] gets set {15}, P   460 [k=4 v=0] gets set {1}, P   467 [k=4 v=0] gets set {62}, P   471 [k=4 v=0] gets set {48}, P   475 [k=4 v=0] gets set {14}, P   477 [k=4 v=0] gets set {11}, P   487 [k=4 v=0] gets set {48}, P   488 [k=4 v=0] gets set {23}, P   491 [k=4 v=0] gets set {33}, P   492 [k=4 v=0] gets set {4}, P   505 [k=4 v=0] gets set {80}, P   517 [k=4 v=0] gets set {24}, P   527 [k=4 v=0] gets set {9}, P   536 [k=4 v=0] gets set {41}, P   546 [k=4 v=0] gets set {8}, P   558 [k=4 v=0] gets set {14}, P   594 [k=4 v=0] gets set {45}, P   624 [k=4 v=0] gets set {7}, P   637 [k=4 v=0] gets set {3}, P   650 [k=4 v=0] gets set {1}, P   671 [k=4 v=0] gets set {13}, P   701 [k=4 v=0] gets set {2}, P   716 [k=4 v=0] gets set {1}, P   746 [k=4 v=0] gets set {59}, P   748 [k=4 v=0] gets set {2}, P   792 [k=4 v=0] gets set {37}, P   800 [k=4 v=0] gets set {12}, P   823 [k=4 v=0] gets set {17}, P   826 [k=4 v=0] gets set {42}, P   828 [k=4 v=0] gets set {33}, P   914 [k=4 v=0] gets set {17}, P   921 [k=4 v=0] gets set {55}, P   937 [k=4 v=0] gets set {17}]
Probabilities and corresponding integer solution:
lambda_33 = 0.231250 and welfare = 13025.931808 and x_l = [1, 1, 1, 1, 1, 1, 1, 1, 1, 1, 1, 1, 1, 1, 1, 1, 1, 1, 1, 1, 1, 1, 0, 1, 1, 1, 1, 1, 1, 1, 1, 1, 1, 1, 1, 1, 1, 1, 1, 1, 1, 0, 0, 1, 1]
lambda_48 = 0.191667 and welfare = 1490.966646 and x_l = [0, 0, 0, 0, 0, 0, 0, 0, 0, 0, 0, 0, 0, 0, 0, 0, 0, 0, 0, 0, 0, 0, 0, 0, 0, 0, 0, 0, 0, 0, 0, 0, 0, 0, 0, 0, 0, 0, 0, 0, 1, 1, 1, 0, 1]
lambda_76 = 0.039583 and welfare = 756.528284 and x_l = [0, 0, 0, 0, 0, 0, 0, 0, 0, 0, 0, 0, 0, 0, 0, 0, 0, 0, 0, 0, 0, 0, 0, 0, 0, 0, 0, 0, 0, 0, 0, 0, 0, 0, 0, 0, 0, 0, 0, 0, 0, 0, 0, 1, 0]
lambda_101 = 0.039583 and welfare = 1273.350223 and x_l = [0, 0, 0, 0, 0, 0, 0, 0, 0, 0, 0, 0, 0, 0, 0, 0, 0, 0, 0, 0, 0, 0, 0, 0, 0, 0, 0, 0, 0, 0, 0, 0, 0, 0, 0, 0, 0, 0, 0, 1, 1, 1, 0, 0, 0]
lambda_103 = 0.154167 and welfare = 11442.431962 and x_l = [1, 1, 1, 1, 1, 1, 1, 1, 1, 1, 1, 1, 1, 1, 1, 1, 1, 1, 1, 1, 1, 1, 0, 1, 1, 1, 1, 1, 1, 1, 1, 1, 1, 1, 1, 1, 1, 1, 1, 0, 0, 0, 1, 0, 0]
lambda_130 = 0.077083 and welfare = 11885.703083 and x_l = [1, 1, 1, 1, 1, 1, 1, 1, 1, 1, 1, 1, 1, 1, 1, 1, 1, 1, 1, 1, 1, 1, 0, 1, 1, 1, 1, 1, 1, 1, 1, 1, 1, 1, 1, 1, 1, 1, 1, 0, 0, 1, 0, 0, 1]
lambda_137 = 0.037500 and welfare = 13304.699160 and x_l = [1, 1, 1, 1, 1, 1, 1, 1, 1, 1, 1, 1, 1, 1, 1, 1, 1, 1, 1, 1, 1, 1, 1, 1, 1, 1, 1, 1, 1, 1, 1, 1, 1, 1, 1, 1, 1, 1, 1, 0, 1, 1, 0, 0, 0]
lambda_140 = 0.075000 and welfare = 2081.378706 and x_l = [0, 0, 0, 0, 0, 0, 0, 0, 0, 0, 0, 0, 0, 0, 0, 0, 0, 0, 0, 0, 0, 0, 1, 0, 0, 0, 0, 0, 0, 0, 0, 0, 0, 0, 0, 0, 0, 0, 0, 1, 0, 0, 0, 1, 0]
lambda_145 = 0.154167 and welfare = 1686.747282 and x_l = [0, 0, 0, 0, 0, 0, 0, 0, 0, 0, 0, 0, 0, 0, 0, 0, 0, 0, 0, 0, 0, 0, 0, 0, 0, 0, 0, 0, 0, 0, 0, 0, 0, 0, 0, 0, 0, 0, 0, 1, 0, 1, 1, 1, 0]
lambda_else = 0
Using 9 out of 169 integer solutions.
Expected social welfare: 6973.665730
Objective value of primal LP: 1.000000


