Analysis results no. 17

Ellipsoid method stopped in iteration 1000 because reached N.
Ellipsoid parameters: cut=central; eps=0.000000; N=1000; R=6.782330.
Ellipsoid performance: runtime=266.833422 sec.; constraint-cuts=823.

First iteration in which primal was feasible: 76.
In total 125 integer solutions where found, whereas 8 where used by primal.

Solution quality:
Expected social welfare=6973.665730
Absolute deviation=5385.536644
Variance=29150352.184837
Standard deviation=5399.106610
Coefficient of variation=0.774214

Distribution of constraint cuts:
cons_cuts=[4, 5, 7, 9, 11, 13, 15, 17, 19, 21, 23, 25, 27, 29, 31, 33, 35, 37, 39, 41, 43, 45, 47, 48, 50, 52, 53, 55, 56, 58, 60, 61, 63, 64, 66, 67, 68, 70, 72, 73, 75, 76, 78, 79, 80, 82, 83, 85, 86, 88, 89, 91, 92, 93, 95, 96, 98, 99, 101, 102, 104, 105, 106, 108, 109, 110, 112, 113, 115, 116, 118, 119, 120, 122, 123, 124, 126, 127, 128, 130, 131, 132, 133, 135, 136, 137, 139, 140, 141, 143, 144, 145, 147, 148, 149, 151, 152, 153, 155, 156, 157, 159, 160, 161, 163, 164, 165, 167, 168, 169, 171, 172, 173, 174, 176, 177, 178, 180, 181, 182, 184, 185, 186, 188, 189, 190, 192, 193, 194, 195, 197, 198, 199, 201, 202, 203, 205, 206, 208, 209, 210, 211, 213, 214, 216, 217, 218, 219, 221, 222, 223, 225, 226, 227, 228, 230, 231, 232, 233, 234, 236, 237, 239, 240, 241, 242, 244, 245, 246, 247, 248, 250, 251, 252, 253, 255, 256, 257, 258, 259, 261, 262, 263, 264, 266, 267, 268, 269, 270, 272, 273, 274, 275, 277, 278, 279, 280, 282, 283, 284, 285, 287, 288, 289, 290, 292, 293, 294, 295, 297, 298, 299, 300, 301, 303, 304, 305, 306, 308, 309, 310, 311, 312, 313, 315, 316, 317, 318, 319, 321, 322, 323, 324, 326, 327, 328, 329, 330, 331, 333, 334, 335, 336, 337, 339, 340, 341, 342, 344, 345, 346, 347, 348, 349, 351, 352, 353, 354, 356, 357, 358, 359, 360, 362, 363, 364, 365, 366, 367, 369, 370, 371, 372, 373, 375, 376, 377, 378, 380, 381, 382, 383, 384, 386, 387, 388, 389, 390, 391, 393, 394, 395, 396, 397, 398, 399, 401, 402, 403, 404, 405, 406, 408, 409, 410, 411, 412, 413, 415, 416, 417, 418, 419, 420, 422, 423, 424, 425, 426, 428, 429, 430, 431, 432, 434, 435, 436, 437, 438, 439, 441, 442, 443, 444, 445, 446, 448, 449, 450, 451, 452, 454, 455, 456, 457, 458, 460, 461, 462, 463, 464, 465, 467, 468, 469, 470, 471, 473, 474, 475, 476, 477, 478, 479, 481, 482, 483, 484, 485, 486, 488, 489, 490, 491, 492, 493, 495, 496, 497, 498, 499, 500, 502, 503, 504, 505, 506, 508, 509, 510, 511, 512, 513, 514, 516, 517, 518, 519, 520, 521, 523, 524, 525, 526, 527, 528, 530, 531, 532, 533, 534, 535, 537, 538, 539, 540, 541, 542, 544, 545, 546, 547, 548, 550, 551, 552, 553, 554, 556, 557, 558, 559, 560, 562, 563, 564, 565, 566, 568, 569, 570, 571, 572, 574, 575, 576, 577, 578, 580, 581, 582, 583, 584, 586, 587, 588, 589, 590, 592, 593, 594, 595, 596, 597, 598, 600, 601, 602, 603, 604, 605, 606, 608, 609, 610, 611, 612, 613, 614, 616, 617, 618, 619, 620, 621, 623, 624, 625, 626, 627, 628, 630, 631, 632, 633, 634, 635, 636, 638, 639, 640, 641, 642, 643, 644, 646, 647, 648, 649, 650, 651, 652, 654, 655, 656, 657, 658, 659, 660, 662, 663, 664, 665, 666, 667, 668, 670, 671, 672, 673, 674, 675, 676, 677, 679, 680, 681, 682, 683, 684, 685, 686, 687, 689, 690, 691, 692, 693, 694, 695, 696, 697, 699, 700, 701, 702, 703, 704, 705, 707, 708, 709, 710, 711, 712, 714, 715, 716, 717, 718, 719, 720, 722, 723, 724, 725, 726, 727, 728, 730, 731, 732, 733, 734, 735, 737, 738, 739, 740, 741, 742, 743, 745, 746, 747, 748, 749, 750, 751, 753, 754, 755, 756, 757, 758, 759, 760, 762, 763, 764, 765, 766, 768, 769, 770, 771, 772, 773, 775, 776, 777, 778, 779, 781, 782, 783, 784, 785, 786, 787, 788, 790, 791, 792, 793, 794, 795, 796, 797, 798, 800, 801, 802, 803, 804, 805, 806, 807, 809, 810, 811, 812, 813, 814, 815, 816, 818, 819, 820, 821, 822, 823, 824, 825, 827, 828, 829, 830, 831, 832, 833, 835, 836, 837, 838, 839, 840, 842, 843, 844, 845, 846, 847, 849, 850, 851, 852, 853, 854, 856, 857, 858, 859, 860, 861, 863, 864, 865, 866, 867, 869, 870, 871, 872, 873, 875, 876, 877, 878, 879, 881, 882, 883, 884, 886, 887, 888, 889, 890, 891, 892, 893, 895, 896, 897, 898, 899, 900, 901, 902, 903, 904, 905, 906, 907, 908, 909, 911, 912, 913, 914, 915, 916, 917, 918, 919, 920, 921, 922, 923, 924, 925, 926, 927, 928, 929, 930, 931, 932, 933, 934, 935, 936, 937, 939, 940, 941, 942, 943, 944, 945, 946, 947, 948, 949, 950, 951, 952, 953, 954, 955, 956, 957, 958, 960, 961, 962, 963, 964, 965, 966, 967, 968, 969, 970, 971, 972, 973, 974, 976, 977, 978, 979, 980, 981, 982, 983, 984, 985, 986, 987, 989, 990, 991, 992, 993, 994, 995, 996, 997, 998, 999, 1000];
Distribution of found integer solutions:
int_sols=[4, 5, 9, 27, 43, 48, 50, 53, 56, 61, 63, 66, 67, 68, 70, 72, 73, 76, 79, 80, 82, 85, 86, 88, 89, 91, 92, 93, 96, 109, 118, 119, 120, 122, 123, 131, 132, 133, 137, 140, 141, 143, 144, 145, 147, 151, 152, 161, 164, 165, 174, 176, 181, 182, 189, 227, 231, 239, 241, 247, 251, 252, 257, 258, 259, 266, 274, 299, 300, 301, 303, 304, 309, 317, 328, 329, 330, 331, 342, 344, 345, 351, 352, 353, 363, 364, 376, 394, 401, 409, 416, 462, 470, 513, 588, 631, 674, 682, 690, 890, 904, 905, 906, 907, 908, 909, 911, 919, 928, 936, 937, 939, 940, 943, 945, 946, 948, 958, 966, 982, 991, 992, 993, 994, 999];
Distribution of found duplicates:
int_dupl=[19, 439, 448, 455, 624, 7, 11, 13, 15, 17, 21, 23, 25, 29, 31, 33, 37, 39, 41, 45, 47, 234, 437, 456, 458, 461, 617, 619, 621, 769, 771, 35, 359, 367, 697, 897, 180, 209, 217, 52, 521, 535, 550, 556, 568, 582, 733, 766, 773, 779, 55, 60, 64, 153, 156, 159, 167, 250, 415, 418, 420, 423, 425, 428, 430, 435, 596, 598, 601, 605, 608, 95, 98, 236, 242, 493, 496, 498, 500, 505, 647, 649, 651, 58, 333, 360, 387, 443, 445, 614, 898, 900, 902, 248, 395, 636, 781, 327, 785, 326, 802, 163, 315, 397, 399, 411, 413, 503, 510, 512, 524, 526, 587, 701, 703, 707, 709, 722, 724, 735, 738, 750, 675, 680, 700, 679, 681, 699, 743, 75, 78, 83, 677, 742, 745, 747, 797, 803, 811, 813, 816, 823, 830, 836, 843, 849, 860, 887, 232, 575, 676, 741, 796, 801, 810, 812, 172, 228, 310, 319, 322, 324, 746, 804, 806, 814, 99, 173, 230, 311, 318, 321, 323, 805, 807, 815, 748, 267, 269, 272, 284, 287, 289, 759, 788, 791, 793, 798, 268, 270, 273, 285, 288, 290, 758, 790, 792, 794, 800, 102, 105, 108, 110, 113, 116, 590, 593, 754, 756, 101, 104, 106, 112, 115, 589, 592, 594, 755, 757, 888, 233, 436, 438, 457, 460, 616, 620, 623, 768, 770, 237, 492, 499, 652, 139, 244, 441, 517, 519, 531, 533, 537, 539, 541, 545, 547, 551, 553, 558, 560, 563, 565, 572, 577, 580, 584, 718, 731, 762, 764, 775, 777, 124, 127, 130, 135, 148, 486, 819, 821, 825, 828, 831, 833, 838, 840, 844, 846, 851, 853, 856, 858, 863, 865, 867, 870, 873, 876, 878, 881, 884, 169, 316, 396, 398, 410, 412, 504, 509, 511, 523, 525, 527, 586, 702, 705, 708, 720, 723, 734, 737, 739, 749, 751, 171, 508, 528, 740, 753, 126, 128, 136, 149, 485, 818, 820, 822, 824, 827, 829, 832, 835, 837, 839, 842, 845, 847, 850, 852, 857, 859, 861, 864, 869, 872, 875, 879, 883, 886, 854, 866, 871, 877, 882, 442, 473, 475, 479, 482, 489, 625, 627, 630, 657, 665, 671, 471, 474, 476, 478, 481, 483, 488, 626, 628, 656, 658, 670, 245, 518, 520, 530, 532, 534, 538, 540, 544, 546, 548, 552, 554, 557, 559, 564, 566, 571, 578, 581, 583, 732, 763, 765, 772, 776, 778, 240, 389, 712, 715, 727, 730, 491, 663, 490, 664, 386, 673, 384, 672, 432, 603, 610, 155, 157, 160, 168, 417, 419, 422, 426, 429, 431, 434, 597, 600, 602, 604, 606, 609, 704, 177, 218, 223, 255, 403, 405, 408, 178, 219, 225, 253, 402, 404, 406, 222, 221, 226, 184, 186, 192, 194, 197, 202, 205, 208, 210, 213, 216, 683, 685, 687, 185, 188, 190, 193, 195, 198, 201, 203, 206, 211, 214, 684, 686, 689, 199, 574, 390, 711, 714, 726, 728, 246, 495, 497, 502, 506, 648, 650, 891, 334, 256, 391, 783, 784, 393, 261, 263, 275, 278, 280, 293, 295, 298, 655, 668, 262, 264, 277, 279, 282, 294, 297, 654, 667, 283, 787, 292, 795, 305, 336, 339, 341, 349, 635, 640, 642, 644, 662, 306, 335, 337, 340, 348, 634, 641, 643, 660, 308, 313, 450, 452, 464, 467, 469, 312, 362, 449, 451, 454, 463, 465, 468, 809, 786, 889, 892, 895, 893, 388, 444, 446, 613, 899, 901, 903, 639, 646, 346, 514, 570, 632, 716, 347, 516, 569, 633, 717, 354, 357, 612, 356, 358, 611, 365, 370, 372, 375, 377, 380, 382, 691, 693, 695, 366, 369, 371, 373, 378, 381, 692, 694, 696, 896, 383, 638, 782, 424, 618, 477, 484, 659, 944, 542, 562, 576, 710, 719, 725, 760, 595, 666, 913, 917, 925, 929, 931, 933, 935, 942, 912, 914, 918, 926, 930, 932, 934, 915, 921, 923, 927, 916, 920, 922, 924, 941, 947, 951, 955, 960, 962, 964, 968, 970, 972, 977, 979, 981, 983, 985, 987, 949, 953, 957, 950, 954, 952, 956, 961, 963, 965, 967, 969, 971, 973, 976, 978, 980, 984, 986, 989, 974, 990, 995, 997, 996, 998, 1000];

Decomposition solution:
Meaning of solution vector: [P     8 [k=4 v=0] gets set {5}, P    46 [k=4 v=0] gets set {20}, P    93 [k=4 v=0] gets set {12}, P   103 [k=4 v=0] gets set {27}, P   113 [k=4 v=0] gets set {29}, P   191 [k=4 v=0] gets set {2}, P   200 [k=4 v=0] gets set {35}, P   252 [k=4 v=0] gets set {2}, P   271 [k=4 v=0] gets set {61}, P   297 [k=4 v=0] gets set {9}, P   321 [k=4 v=0] gets set {33}, P   373 [k=4 v=0] gets set {29}, P   404 [k=4 v=0] gets set {15}, P   460 [k=4 v=0] gets set {1}, P   467 [k=4 v=0] gets set {62}, P   471 [k=4 v=0] gets set {48}, P   475 [k=4 v=0] gets set {14}, P   477 [k=4 v=0] gets set {11}, P   487 [k=4 v=0] gets set {48}, P   488 [k=4 v=0] gets set {23}, P   491 [k=4 v=0] gets set {33}, P   492 [k=4 v=0] gets set {4}, P   505 [k=4 v=0] gets set {80}, P   517 [k=4 v=0] gets set {24}, P   527 [k=4 v=0] gets set {9}, P   536 [k=4 v=0] gets set {41}, P   546 [k=4 v=0] gets set {8}, P   558 [k=4 v=0] gets set {14}, P   594 [k=4 v=0] gets set {45}, P   624 [k=4 v=0] gets set {7}, P   637 [k=4 v=0] gets set {3}, P   650 [k=4 v=0] gets set {1}, P   671 [k=4 v=0] gets set {13}, P   701 [k=4 v=0] gets set {2}, P   716 [k=4 v=0] gets set {1}, P   746 [k=4 v=0] gets set {59}, P   748 [k=4 v=0] gets set {2}, P   792 [k=4 v=0] gets set {37}, P   800 [k=4 v=0] gets set {12}, P   823 [k=4 v=0] gets set {17}, P   826 [k=4 v=0] gets set {42}, P   828 [k=4 v=0] gets set {33}, P   914 [k=4 v=0] gets set {17}, P   921 [k=4 v=0] gets set {55}, P   937 [k=4 v=0] gets set {17}]
Probabilities and corresponding integer solution:
lambda_26 = 0.166667 and welfare = 1669.508939 and x_l = [0, 0, 0, 0, 0, 0, 0, 0, 0, 0, 0, 0, 0, 0, 0, 0, 0, 0, 0, 0, 0, 0, 0, 0, 0, 0, 0, 0, 0, 0, 0, 0, 0, 0, 0, 0, 0, 0, 0, 0, 0, 1, 1, 1, 1]
lambda_28 = 0.083333 and welfare = 1309.165849 and x_l = [0, 0, 0, 0, 0, 0, 0, 0, 0, 0, 0, 0, 0, 0, 0, 0, 0, 0, 0, 0, 0, 0, 1, 0, 0, 0, 0, 0, 0, 0, 0, 0, 0, 0, 0, 0, 0, 0, 0, 0, 0, 0, 1, 0, 0]
lambda_51 = 0.083333 and welfare = 12949.083182 and x_l = [1, 1, 1, 1, 1, 1, 1, 1, 1, 1, 1, 1, 1, 1, 1, 1, 1, 1, 1, 1, 1, 1, 0, 1, 1, 1, 1, 1, 1, 1, 1, 1, 1, 1, 1, 1, 1, 1, 1, 1, 1, 1, 1, 0, 1]
lambda_75 = 0.250000 and welfare = 12269.403523 and x_l = [1, 1, 1, 1, 1, 1, 1, 1, 1, 1, 1, 1, 1, 1, 1, 1, 1, 1, 1, 1, 1, 1, 0, 1, 1, 1, 1, 1, 1, 1, 1, 1, 1, 1, 1, 1, 1, 1, 1, 1, 1, 0, 0, 0, 1]
lambda_82 = 0.029167 and welfare = 1519.135973 and x_l = [0, 0, 0, 0, 0, 0, 0, 0, 0, 0, 0, 0, 0, 0, 0, 0, 0, 0, 0, 0, 0, 0, 1, 0, 0, 0, 0, 0, 0, 0, 0, 0, 0, 0, 0, 0, 0, 0, 0, 0, 0, 1, 0, 0, 0]
lambda_83 = 0.054167 and welfare = 444.824891 and x_l = [0, 0, 0, 0, 0, 0, 0, 0, 0, 0, 0, 0, 0, 0, 0, 0, 0, 0, 0, 0, 0, 0, 0, 0, 0, 0, 0, 0, 0, 0, 0, 0, 0, 0, 0, 0, 0, 0, 0, 0, 0, 1, 0, 0, 0]
lambda_104 = 0.166667 and welfare = 2029.878507 and x_l = [0, 0, 0, 0, 0, 0, 0, 0, 0, 0, 0, 0, 0, 0, 0, 0, 0, 0, 0, 0, 0, 0, 0, 0, 0, 0, 0, 0, 0, 0, 0, 0, 0, 0, 0, 0, 0, 0, 0, 1, 1, 1, 0, 1, 0]
lambda_111 = 0.166667 and welfare = 12198.960247 and x_l = [1, 1, 1, 1, 1, 1, 1, 1, 1, 1, 1, 1, 1, 1, 1, 1, 1, 1, 1, 1, 1, 1, 0, 1, 1, 1, 1, 1, 1, 1, 1, 1, 1, 1, 1, 1, 1, 1, 1, 0, 0, 0, 1, 1, 0]
lambda_else = 0
Using 8 out of 125 integer solutions.
Expected social welfare: 6973.665730
Objective value of primal LP: 1.000000


