Analysis results no. 17

Ellipsoid method stopped in iteration 512 because threshold reached.
Ellipsoid parameters: cut=central; eps=0.000000; N=1000; R=1.732051.
Ellipsoid performance: runtime=0.973822 sec.; constraint-cuts=384.

First iteration in which primal was feasible: 11.
In total 3 integer solutions where found, whereas 3 where used by primal.

Solution quality:
Expected social welfare=6907.147593
Absolute deviation=2731.396795
Variance=14059493.949744
Standard deviation=3749.599172
Coefficient of variation=0.542858

Distribution of constraint cuts:
cons_cuts=[4, 5, 7, 8, 10, 11, 13, 14, 15, 17, 18, 19, 21, 22, 24, 25, 26, 27, 29, 30, 31, 33, 34, 36, 37, 38, 39, 41, 42, 43, 45, 46, 47, 49, 50, 51, 53, 54, 55, 56, 58, 59, 61, 62, 63, 64, 66, 67, 68, 70, 71, 72, 74, 75, 76, 78, 79, 80, 82, 83, 84, 86, 87, 88, 90, 91, 92, 94, 95, 96, 97, 99, 100, 102, 103, 104, 105, 107, 108, 109, 111, 112, 114, 115, 116, 117, 119, 120, 121, 123, 124, 125, 127, 128, 129, 131, 132, 133, 135, 136, 137, 139, 140, 141, 143, 144, 145, 147, 148, 149, 150, 152, 153, 154, 156, 157, 158, 160, 161, 162, 164, 165, 166, 168, 169, 170, 172, 173, 174, 175, 177, 178, 180, 181, 182, 183, 185, 186, 187, 189, 190, 191, 193, 194, 195, 197, 198, 199, 201, 202, 203, 205, 206, 207, 209, 210, 211, 212, 214, 215, 217, 218, 219, 220, 222, 223, 224, 226, 227, 229, 230, 231, 232, 234, 235, 236, 238, 239, 240, 242, 243, 244, 246, 247, 248, 250, 251, 252, 254, 255, 256, 258, 259, 260, 262, 263, 264, 265, 267, 268, 269, 271, 272, 273, 275, 276, 277, 279, 280, 281, 283, 284, 285, 287, 288, 289, 290, 292, 293, 295, 296, 297, 298, 300, 301, 302, 304, 305, 306, 308, 309, 310, 312, 313, 314, 316, 317, 318, 320, 321, 322, 324, 325, 326, 327, 329, 330, 331, 333, 334, 336, 337, 338, 339, 341, 342, 343, 345, 346, 347, 349, 350, 351, 353, 354, 355, 357, 358, 359, 361, 362, 363, 365, 366, 367, 369, 370, 371, 372, 374, 375, 377, 378, 379, 380, 382, 383, 384, 386, 387, 388, 390, 391, 392, 394, 395, 396, 398, 399, 400, 401, 403, 404, 405, 407, 408, 409, 411, 412, 413, 415, 416, 418, 419, 420, 421, 423, 424, 425, 427, 428, 429, 431, 432, 433, 434, 436, 437, 439, 440, 441, 442, 444, 445, 447, 448, 449, 450, 452, 453, 454, 456, 457, 458, 460, 461, 462, 464, 465, 466, 468, 469, 470, 472, 473, 474, 476, 477, 478, 480, 481, 482, 484, 485, 486, 488, 489, 490, 492, 493, 494, 496, 497, 498, 499, 501, 502, 503, 505, 506, 507, 509, 510, 511];
Distribution of found integer solutions:
int_sols=[4, 5, 11];
Distribution of found duplicates:
int_dupl=[7, 10, 14, 18, 22, 26, 30, 34, 38, 42, 46, 50, 51, 58, 62, 64, 70, 71, 78, 79, 83, 90, 91, 97, 99, 104, 108, 112, 117, 119, 123, 129, 131, 135, 139, 144, 149, 150, 154, 158, 165, 166, 172, 174, 178, 183, 187, 190, 195, 201, 202, 206, 210, 214, 220, 222, 226, 232, 234, 238, 242, 246, 251, 254, 258, 263, 265, 269, 276, 277, 281, 285, 290, 296, 297, 301, 305, 310, 313, 318, 322, 327, 329, 333, 339, 341, 345, 349, 353, 358, 361, 365, 370, 372, 378, 380, 386, 388, 392, 399, 400, 404, 408, 412, 416, 421, 427, 428, 432, 436, 440, 445, 450, 452, 456, 460, 464, 469, 473, 476, 481, 484, 490, 492, 496, 499, 505, 507, 511, 8, 13, 15, 19, 24, 27, 31, 36, 39, 43, 47, 54, 55, 59, 63, 67, 72, 75, 80, 84, 88, 92, 96, 102, 103, 107, 111, 116, 120, 124, 127, 132, 136, 141, 143, 147, 152, 156, 161, 162, 168, 170, 175, 181, 182, 186, 193, 194, 198, 203, 207, 212, 215, 219, 224, 227, 230, 235, 240, 243, 247, 250, 255, 260, 262, 267, 271, 273, 279, 283, 288, 289, 293, 298, 302, 308, 309, 314, 320, 321, 325, 330, 334, 338, 342, 347, 350, 354, 357, 362, 367, 369, 374, 377, 383, 384, 390, 394, 396, 401, 407, 409, 413, 419, 420, 424, 429, 434, 437, 442, 444, 449, 453, 457, 461, 466, 468, 472, 478, 480, 485, 488, 493, 497, 502, 503, 509, 17, 21, 25, 29, 33, 37, 41, 45, 49, 53, 56, 61, 66, 68, 74, 76, 82, 86, 87, 94, 95, 100, 105, 109, 114, 115, 121, 125, 128, 133, 137, 140, 145, 148, 153, 157, 160, 164, 169, 173, 177, 180, 185, 189, 191, 197, 199, 205, 209, 211, 217, 218, 223, 229, 231, 236, 239, 244, 248, 252, 256, 259, 264, 268, 272, 275, 280, 284, 287, 292, 295, 300, 304, 306, 312, 316, 317, 324, 326, 331, 336, 337, 343, 346, 351, 355, 359, 363, 366, 371, 375, 379, 382, 387, 391, 395, 398, 403, 405, 411, 415, 418, 423, 425, 431, 433, 439, 441, 447, 448, 454, 458, 462, 465, 470, 474, 477, 482, 486, 489, 494, 498, 501, 506, 510];

Decomposition solution:
Meaning of solution vector: [P  4529 [k=2 v=1] gets set {476}, P  8267 [k=2 v=1] gets set {803}]
Probabilities and corresponding integer solution:
lambda_0 = 0.500000 and welfare = 6575.619016 and x_l = [1, 0]
lambda_1 = 0.326276 and welfare = 11092.856803 and x_l = [0, 1]
lambda_2 = 0.173724 and welfare = 0.000000 and x_l = [0, 0]
lambda_else = 0
Using 3 out of 3 integer solutions.
Expected social welfare: 6907.147593
Objective value of primal LP: 1.000000


