Analysis results no. 20

Ellipsoid method stopped in iteration 515 because threshold reached.
Ellipsoid parameters: cut=central; eps=0.000000; N=1000; R=1.732051.
Ellipsoid performance: runtime=0.796002 sec.; constraint-cuts=388.

First iteration in which primal was feasible: 14.
In total 3 integer solutions where found, whereas 3 where used by primal.

Solution quality:
Expected social welfare=6907.147593
Absolute deviation=2731.396795
Variance=14059493.949744
Standard deviation=3749.599172
Coefficient of variation=0.542858

Distribution of constraint cuts:
cons_cuts=[1, 2, 3, 5, 7, 9, 10, 11, 13, 14, 16, 17, 18, 19, 21, 22, 24, 25, 26, 28, 29, 30, 31, 33, 34, 36, 37, 38, 39, 41, 42, 43, 45, 46, 47, 49, 50, 51, 53, 54, 55, 57, 58, 59, 61, 62, 63, 65, 66, 67, 68, 70, 71, 73, 74, 75, 76, 78, 79, 80, 82, 83, 84, 86, 87, 88, 90, 91, 92, 94, 95, 96, 98, 99, 100, 102, 103, 104, 106, 107, 108, 110, 111, 112, 114, 115, 116, 118, 119, 120, 122, 123, 124, 126, 127, 128, 130, 131, 132, 133, 135, 136, 137, 139, 140, 141, 143, 144, 145, 147, 148, 149, 151, 152, 153, 155, 156, 157, 159, 160, 161, 162, 164, 165, 167, 168, 169, 170, 172, 173, 174, 176, 177, 178, 180, 181, 182, 184, 185, 186, 188, 189, 190, 192, 193, 194, 196, 197, 198, 200, 201, 202, 203, 205, 206, 208, 209, 210, 211, 213, 214, 215, 217, 218, 219, 221, 222, 223, 225, 226, 227, 229, 230, 231, 233, 234, 235, 237, 238, 239, 241, 242, 243, 245, 246, 247, 249, 250, 251, 252, 254, 255, 256, 258, 259, 260, 262, 263, 264, 266, 267, 268, 270, 271, 272, 274, 275, 276, 278, 279, 280, 282, 283, 284, 285, 287, 288, 289, 291, 292, 293, 295, 296, 297, 299, 300, 301, 303, 304, 305, 307, 308, 309, 311, 312, 313, 315, 316, 317, 319, 320, 321, 323, 324, 325, 326, 328, 329, 331, 332, 333, 334, 336, 337, 339, 340, 341, 342, 344, 345, 346, 348, 349, 350, 352, 353, 354, 356, 357, 358, 360, 361, 362, 364, 365, 366, 368, 369, 370, 372, 373, 374, 375, 377, 378, 379, 381, 382, 383, 385, 386, 387, 389, 390, 391, 393, 394, 395, 397, 398, 399, 401, 402, 403, 404, 406, 407, 408, 410, 411, 412, 414, 415, 416, 418, 419, 420, 422, 423, 424, 426, 427, 428, 430, 431, 432, 434, 435, 436, 438, 439, 440, 441, 443, 444, 446, 447, 448, 450, 451, 452, 453, 455, 456, 458, 459, 460, 461, 463, 464, 465, 467, 468, 469, 471, 472, 473, 475, 476, 477, 479, 480, 481, 483, 484, 485, 487, 488, 489, 491, 492, 493, 494, 496, 497, 499, 500, 501, 502, 504, 505, 506, 508, 509, 510, 512, 513, 514];
Distribution of found integer solutions:
int_sols=[1, 2, 14];
Distribution of found duplicates:
int_dupl=[3, 7, 10, 13, 17, 19, 25, 29, 31, 37, 41, 43, 49, 51, 57, 58, 65, 66, 70, 76, 78, 82, 88, 90, 95, 98, 103, 106, 112, 114, 118, 122, 128, 130, 133, 137, 143, 145, 152, 153, 157, 162, 168, 169, 173, 177, 181, 185, 190, 196, 197, 201, 205, 209, 213, 217, 221, 226, 229, 233, 237, 241, 246, 249, 252, 259, 260, 264, 268, 274, 276, 282, 284, 288, 293, 297, 303, 304, 308, 312, 316, 320, 325, 329, 334, 336, 340, 345, 348, 352, 357, 361, 364, 368, 373, 375, 382, 383, 387, 393, 395, 399, 404, 410, 411, 415, 419, 424, 428, 431, 436, 441, 444, 450, 451, 455, 459, 463, 467, 472, 475, 479, 485, 487, 491, 494, 500, 502, 506, 513, 514, 5, 9, 11, 16, 21, 24, 28, 33, 36, 39, 45, 47, 53, 55, 61, 62, 68, 73, 74, 79, 84, 86, 92, 94, 100, 102, 108, 110, 115, 119, 124, 126, 131, 135, 140, 141, 148, 149, 155, 159, 161, 165, 170, 176, 178, 182, 188, 189, 193, 198, 202, 206, 211, 214, 218, 223, 225, 230, 234, 238, 243, 245, 250, 254, 256, 262, 267, 270, 272, 279, 280, 285, 289, 295, 296, 300, 305, 309, 315, 317, 323, 324, 328, 332, 337, 342, 344, 349, 354, 356, 360, 365, 370, 372, 377, 379, 385, 390, 391, 397, 402, 403, 407, 412, 416, 422, 423, 427, 434, 435, 439, 443, 447, 452, 456, 461, 464, 468, 471, 476, 480, 483, 488, 493, 496, 499, 504, 508, 510, 18, 22, 26, 30, 34, 38, 42, 46, 50, 54, 59, 63, 67, 71, 75, 80, 83, 87, 91, 96, 99, 104, 107, 111, 116, 120, 123, 127, 132, 136, 139, 144, 147, 151, 156, 160, 164, 167, 172, 174, 180, 184, 186, 192, 194, 200, 203, 208, 210, 215, 219, 222, 227, 231, 235, 239, 242, 247, 251, 255, 258, 263, 266, 271, 275, 278, 283, 287, 291, 292, 299, 301, 307, 311, 313, 319, 321, 326, 331, 333, 339, 341, 346, 350, 353, 358, 362, 366, 369, 374, 378, 381, 386, 389, 394, 398, 401, 406, 408, 414, 418, 420, 426, 430, 432, 438, 440, 446, 448, 453, 458, 460, 465, 469, 473, 477, 481, 484, 489, 492, 497, 501, 505, 509, 512];

Decomposition solution:
Meaning of solution vector: [P  4529 [k=2 v=1] gets set {476}, P  8267 [k=2 v=1] gets set {803}]
Probabilities and corresponding integer solution:
lambda_0 = 0.500000 and welfare = 6575.619016 and x_l = [1, 0]
lambda_1 = 0.326276 and welfare = 11092.856803 and x_l = [0, 1]
lambda_2 = 0.173724 and welfare = 0.000000 and x_l = [0, 0]
lambda_else = 0
Using 3 out of 3 integer solutions.
Expected social welfare: 6907.147593
Objective value of primal LP: 1.000000


