Analysis results no. 6

Ellipsoid method stopped in iteration 1000 because reached N.
Ellipsoid parameters: cut=shallow; eps=0.000000; N=1000; R=1.732051.
Ellipsoid performance: runtime=1.491650 sec.; constraint-cuts=744.

First iteration in which primal was feasible: 10.
In total 3 integer solutions where found, whereas 3 where used by primal.

Solution quality:
Expected social welfare=6907.147593
Absolute deviation=2731.396795
Variance=14059493.949744
Standard deviation=3749.599172
Coefficient of variation=0.542858

Distribution of constraint cuts:
cons_cuts=[2, 3, 5, 7, 9, 10, 12, 14, 15, 17, 19, 20, 22, 23, 25, 26, 28, 29, 31, 32, 34, 35, 37, 38, 40, 41, 43, 44, 45, 47, 48, 50, 51, 53, 54, 55, 57, 58, 59, 61, 62, 64, 65, 66, 68, 69, 70, 72, 73, 74, 76, 77, 79, 80, 81, 83, 84, 85, 87, 88, 89, 91, 92, 93, 95, 96, 98, 99, 100, 102, 103, 104, 106, 107, 108, 110, 111, 112, 114, 115, 116, 118, 119, 120, 122, 123, 124, 126, 127, 128, 130, 131, 132, 134, 135, 136, 138, 139, 140, 142, 143, 144, 146, 147, 148, 150, 151, 152, 154, 155, 156, 158, 159, 160, 162, 163, 164, 166, 167, 168, 170, 171, 172, 174, 175, 176, 178, 179, 180, 182, 183, 184, 186, 187, 188, 190, 191, 192, 194, 195, 196, 198, 199, 200, 202, 203, 204, 206, 207, 208, 210, 211, 212, 214, 215, 216, 218, 219, 220, 222, 223, 224, 226, 227, 228, 230, 231, 232, 234, 235, 236, 238, 239, 240, 242, 243, 244, 246, 247, 248, 250, 251, 252, 254, 255, 256, 258, 259, 260, 262, 263, 264, 266, 267, 268, 270, 271, 272, 274, 275, 276, 278, 279, 280, 282, 283, 284, 286, 287, 288, 290, 291, 292, 294, 295, 296, 298, 299, 300, 302, 303, 304, 306, 307, 308, 310, 311, 312, 314, 315, 316, 318, 319, 320, 322, 323, 324, 326, 327, 328, 330, 331, 332, 334, 335, 336, 338, 339, 340, 341, 343, 344, 346, 347, 348, 350, 351, 352, 354, 355, 356, 358, 359, 360, 361, 363, 364, 366, 367, 368, 370, 371, 372, 374, 375, 376, 378, 379, 380, 381, 383, 384, 386, 387, 388, 390, 391, 392, 393, 395, 396, 398, 399, 400, 402, 403, 404, 406, 407, 408, 409, 411, 412, 414, 415, 416, 417, 419, 420, 422, 423, 424, 426, 427, 428, 430, 431, 432, 433, 435, 436, 438, 439, 440, 441, 443, 444, 446, 447, 448, 450, 451, 452, 453, 455, 456, 458, 459, 460, 461, 463, 464, 466, 467, 468, 469, 471, 472, 474, 475, 476, 478, 479, 480, 481, 483, 484, 486, 487, 488, 489, 491, 492, 494, 495, 496, 497, 499, 500, 502, 503, 504, 506, 507, 508, 509, 511, 512, 513, 515, 516, 518, 519, 520, 521, 523, 524, 526, 527, 528, 529, 531, 532, 534, 535, 536, 537, 539, 540, 542, 543, 544, 545, 547, 548, 549, 551, 552, 554, 555, 556, 557, 559, 560, 562, 563, 564, 565, 567, 568, 569, 571, 572, 574, 575, 576, 577, 579, 580, 581, 583, 584, 586, 587, 588, 589, 591, 592, 593, 595, 596, 598, 599, 600, 601, 603, 604, 605, 607, 608, 610, 611, 612, 613, 615, 616, 617, 619, 620, 622, 623, 624, 625, 627, 628, 629, 631, 632, 633, 635, 636, 637, 639, 640, 642, 643, 644, 645, 647, 648, 649, 651, 652, 653, 655, 656, 657, 659, 660, 662, 663, 664, 665, 667, 668, 669, 671, 672, 673, 675, 676, 677, 679, 680, 681, 683, 684, 686, 687, 688, 689, 691, 692, 693, 695, 696, 697, 699, 700, 701, 703, 704, 705, 707, 708, 709, 711, 712, 714, 715, 716, 717, 719, 720, 721, 723, 724, 725, 727, 728, 729, 731, 732, 733, 735, 736, 737, 739, 740, 741, 743, 744, 745, 747, 748, 749, 751, 752, 753, 755, 756, 757, 759, 760, 761, 763, 764, 765, 767, 768, 769, 771, 772, 773, 775, 776, 777, 779, 780, 781, 783, 784, 785, 787, 788, 789, 791, 792, 793, 795, 796, 797, 799, 800, 801, 803, 804, 805, 807, 808, 809, 811, 812, 813, 815, 816, 817, 819, 820, 821, 823, 824, 825, 827, 828, 829, 831, 832, 833, 835, 836, 837, 839, 840, 841, 843, 844, 845, 847, 848, 849, 851, 852, 853, 855, 856, 857, 859, 860, 861, 863, 864, 865, 867, 868, 869, 871, 872, 873, 875, 876, 877, 879, 880, 881, 883, 884, 885, 887, 888, 889, 891, 892, 893, 895, 896, 897, 899, 900, 901, 903, 904, 905, 907, 908, 909, 911, 912, 913, 915, 916, 917, 919, 920, 921, 923, 924, 925, 927, 928, 929, 931, 932, 933, 935, 936, 937, 939, 940, 941, 943, 944, 945, 947, 948, 949, 951, 952, 953, 955, 956, 957, 959, 960, 961, 963, 964, 965, 967, 968, 969, 971, 972, 973, 975, 976, 977, 979, 980, 981, 983, 984, 985, 987, 988, 989, 991, 992, 993, 995, 996, 997, 999, 1000];
Distribution of found integer solutions:
int_sols=[2, 3, 10];
Distribution of found duplicates:
int_dupl=[5, 9, 12, 15, 19, 23, 26, 31, 34, 38, 40, 44, 47, 51, 55, 58, 62, 66, 70, 74, 77, 81, 85, 89, 93, 98, 102, 106, 110, 114, 118, 122, 126, 128, 132, 138, 140, 144, 150, 152, 156, 162, 164, 168, 174, 176, 180, 186, 188, 192, 198, 200, 204, 210, 212, 216, 222, 224, 228, 234, 236, 240, 246, 248, 252, 258, 260, 264, 270, 272, 276, 282, 284, 288, 294, 296, 300, 306, 308, 312, 318, 320, 324, 330, 332, 336, 341, 344, 350, 352, 356, 361, 364, 370, 372, 376, 381, 384, 388, 393, 396, 402, 404, 408, 412, 417, 420, 426, 428, 432, 436, 441, 444, 448, 453, 456, 461, 464, 469, 472, 476, 481, 484, 489, 492, 497, 500, 504, 511, 512, 516, 520, 524, 529, 532, 537, 540, 547, 548, 552, 556, 560, 564, 568, 572, 579, 580, 584, 588, 592, 596, 603, 604, 608, 612, 616, 620, 627, 628, 632, 636, 640, 644, 648, 655, 656, 660, 664, 668, 672, 679, 680, 684, 688, 692, 696, 703, 704, 708, 712, 716, 723, 724, 728, 732, 736, 743, 744, 748, 752, 756, 763, 764, 768, 772, 776, 783, 784, 788, 792, 799, 800, 804, 808, 812, 816, 823, 824, 828, 832, 839, 840, 844, 848, 852, 856, 863, 864, 868, 872, 876, 883, 884, 888, 892, 899, 900, 904, 908, 912, 919, 920, 924, 928, 932, 939, 940, 944, 951, 952, 956, 960, 964, 971, 972, 976, 980, 984, 991, 992, 996, 1000, 7, 14, 17, 20, 25, 28, 32, 37, 41, 45, 48, 53, 57, 61, 64, 68, 72, 76, 80, 84, 87, 91, 95, 99, 103, 107, 111, 115, 119, 123, 127, 131, 135, 139, 143, 147, 151, 155, 159, 163, 167, 171, 175, 179, 183, 187, 191, 195, 199, 203, 207, 211, 215, 219, 223, 227, 231, 235, 239, 243, 247, 251, 255, 259, 263, 267, 271, 275, 279, 283, 287, 291, 295, 299, 303, 307, 311, 315, 319, 323, 327, 331, 335, 339, 343, 347, 351, 355, 359, 363, 367, 371, 375, 379, 383, 387, 391, 395, 399, 403, 407, 411, 415, 419, 423, 427, 431, 435, 439, 443, 447, 451, 455, 459, 463, 467, 471, 475, 479, 483, 487, 491, 495, 499, 503, 507, 509, 515, 519, 523, 527, 531, 535, 539, 543, 545, 551, 555, 559, 563, 567, 571, 575, 577, 583, 587, 591, 595, 599, 601, 607, 611, 615, 619, 623, 625, 631, 635, 639, 643, 647, 651, 652, 659, 663, 667, 671, 675, 676, 683, 687, 691, 695, 699, 700, 707, 711, 715, 719, 720, 727, 731, 735, 739, 740, 747, 751, 755, 759, 760, 767, 771, 775, 779, 780, 787, 791, 795, 796, 803, 807, 809, 815, 819, 820, 827, 831, 835, 836, 843, 847, 849, 855, 859, 860, 867, 871, 873, 879, 880, 887, 891, 895, 896, 903, 905, 911, 915, 916, 923, 927, 929, 935, 936, 943, 947, 948, 955, 957, 963, 967, 968, 975, 977, 983, 987, 988, 995, 997, 22, 29, 35, 43, 50, 54, 59, 65, 69, 73, 79, 83, 88, 92, 96, 100, 104, 108, 112, 116, 120, 124, 130, 134, 136, 142, 146, 148, 154, 158, 160, 166, 170, 172, 178, 182, 184, 190, 194, 196, 202, 206, 208, 214, 218, 220, 226, 230, 232, 238, 242, 244, 250, 254, 256, 262, 266, 268, 274, 278, 280, 286, 290, 292, 298, 302, 304, 310, 314, 316, 322, 326, 328, 334, 338, 340, 346, 348, 354, 358, 360, 366, 368, 374, 378, 380, 386, 390, 392, 398, 400, 406, 409, 414, 416, 422, 424, 430, 433, 438, 440, 446, 450, 452, 458, 460, 466, 468, 474, 478, 480, 486, 488, 494, 496, 502, 506, 508, 513, 518, 521, 526, 528, 534, 536, 542, 544, 549, 554, 557, 562, 565, 569, 574, 576, 581, 586, 589, 593, 598, 600, 605, 610, 613, 617, 622, 624, 629, 633, 637, 642, 645, 649, 653, 657, 662, 665, 669, 673, 677, 681, 686, 689, 693, 697, 701, 705, 709, 714, 717, 721, 725, 729, 733, 737, 741, 745, 749, 753, 757, 761, 765, 769, 773, 777, 781, 785, 789, 793, 797, 801, 805, 811, 813, 817, 821, 825, 829, 833, 837, 841, 845, 851, 853, 857, 861, 865, 869, 875, 877, 881, 885, 889, 893, 897, 901, 907, 909, 913, 917, 921, 925, 931, 933, 937, 941, 945, 949, 953, 959, 961, 965, 969, 973, 979, 981, 985, 989, 993, 999];

Decomposition solution:
Meaning of solution vector: [P  4529 [k=2 v=1] gets set {476}, P  8267 [k=2 v=1] gets set {803}]
Probabilities and corresponding integer solution:
lambda_0 = 0.500000 and welfare = 6575.619016 and x_l = [1, 0]
lambda_1 = 0.326276 and welfare = 11092.856803 and x_l = [0, 1]
lambda_2 = 0.173724 and welfare = 0.000000 and x_l = [0, 0]
lambda_else = 0
Using 3 out of 3 integer solutions.
Expected social welfare: 6907.147593
Objective value of primal LP: 1.000000


