Analysis results no. 28

Ellipsoid method stopped in iteration 514 because threshold reached.
Ellipsoid parameters: cut=central; eps=0.000000; N=1000; R=1.732051.
Ellipsoid performance: runtime=0.934926 sec.; constraint-cuts=387.

First iteration in which primal was feasible: 6.
In total 3 integer solutions where found, whereas 3 where used by primal.

Solution quality:
Expected social welfare=6907.147593
Absolute deviation=2731.396795
Variance=14059493.949744
Standard deviation=3749.599172
Coefficient of variation=0.542858

Distribution of constraint cuts:
cons_cuts=[2, 3, 5, 6, 8, 9, 11, 12, 13, 15, 16, 18, 19, 20, 22, 23, 24, 26, 27, 28, 30, 31, 32, 34, 35, 36, 38, 39, 40, 41, 43, 44, 45, 47, 48, 50, 51, 52, 53, 55, 56, 57, 59, 60, 61, 63, 64, 65, 67, 68, 69, 70, 72, 73, 74, 76, 77, 79, 80, 81, 82, 84, 85, 86, 88, 89, 90, 92, 93, 94, 96, 97, 98, 100, 101, 102, 104, 105, 106, 107, 109, 110, 112, 113, 114, 115, 117, 118, 119, 121, 122, 124, 125, 126, 127, 129, 130, 131, 133, 134, 135, 137, 138, 139, 141, 142, 143, 145, 146, 147, 149, 150, 151, 153, 154, 155, 157, 158, 159, 160, 162, 163, 165, 166, 167, 168, 170, 171, 172, 174, 175, 176, 178, 179, 180, 182, 183, 184, 186, 187, 188, 190, 191, 192, 193, 195, 196, 197, 199, 200, 201, 203, 204, 205, 207, 208, 209, 211, 212, 213, 215, 216, 217, 219, 220, 221, 223, 224, 225, 226, 228, 229, 231, 232, 233, 234, 236, 237, 238, 240, 241, 242, 244, 245, 247, 248, 249, 250, 252, 253, 254, 256, 257, 258, 260, 261, 262, 264, 265, 266, 268, 269, 270, 271, 273, 274, 275, 277, 278, 279, 281, 282, 283, 285, 286, 287, 289, 290, 291, 293, 294, 295, 297, 298, 299, 301, 302, 303, 304, 306, 307, 309, 310, 311, 312, 314, 315, 316, 318, 319, 320, 322, 323, 324, 326, 327, 328, 330, 331, 332, 333, 335, 336, 338, 339, 340, 341, 343, 344, 345, 347, 348, 350, 351, 352, 353, 355, 356, 357, 359, 360, 361, 363, 364, 365, 367, 368, 369, 371, 372, 373, 375, 376, 377, 379, 380, 381, 383, 384, 385, 387, 388, 389, 391, 392, 393, 395, 396, 397, 399, 400, 401, 402, 404, 405, 406, 408, 409, 410, 412, 413, 414, 416, 417, 418, 420, 421, 422, 424, 425, 426, 428, 429, 430, 432, 433, 434, 435, 437, 438, 439, 441, 442, 443, 445, 446, 447, 449, 450, 451, 453, 454, 455, 457, 458, 459, 461, 462, 463, 465, 466, 467, 468, 470, 471, 473, 474, 475, 476, 478, 479, 481, 482, 483, 484, 486, 487, 488, 490, 491, 492, 494, 495, 496, 498, 499, 500, 502, 503, 504, 506, 507, 508, 510, 511, 512, 513];
Distribution of found integer solutions:
int_sols=[2, 3, 6];
Distribution of found duplicates:
int_dupl=[5, 9, 12, 16, 20, 24, 26, 31, 34, 40, 41, 45, 52, 53, 57, 63, 65, 69, 76, 77, 81, 85, 90, 93, 100, 101, 105, 109, 114, 117, 121, 125, 129, 133, 137, 141, 145, 149, 153, 158, 160, 165, 168, 174, 179, 180, 184, 188, 192, 196, 201, 207, 208, 212, 216, 221, 224, 229, 232, 237, 240, 244, 250, 252, 256, 261, 264, 268, 271, 277, 279, 286, 287, 291, 297, 299, 303, 307, 314, 315, 319, 323, 328, 333, 335, 339, 345, 347, 351, 357, 359, 363, 367, 372, 375, 379, 385, 387, 391, 395, 400, 402, 406, 413, 414, 418, 424, 426, 430, 435, 439, 442, 447, 453, 454, 458, 462, 467, 470, 476, 478, 482, 486, 490, 495, 498, 502, 508, 510, 513, 8, 11, 15, 19, 22, 27, 30, 35, 38, 43, 47, 50, 55, 59, 61, 67, 70, 74, 79, 82, 88, 89, 94, 98, 102, 107, 112, 113, 118, 122, 126, 130, 134, 138, 142, 146, 150, 155, 157, 162, 166, 171, 172, 176, 182, 186, 190, 193, 199, 200, 204, 209, 213, 219, 220, 226, 228, 234, 236, 241, 245, 249, 253, 258, 260, 265, 269, 274, 275, 281, 283, 289, 294, 295, 301, 304, 310, 311, 316, 320, 326, 327, 331, 336, 341, 343, 348, 352, 355, 360, 364, 369, 371, 376, 380, 383, 388, 392, 397, 399, 404, 408, 410, 416, 421, 422, 428, 433, 434, 438, 445, 446, 450, 455, 459, 465, 466, 471, 474, 479, 484, 487, 492, 494, 499, 503, 506, 511, 13, 18, 23, 28, 32, 36, 39, 44, 48, 51, 56, 60, 64, 68, 72, 73, 80, 84, 86, 92, 96, 97, 104, 106, 110, 115, 119, 124, 127, 131, 135, 139, 143, 147, 151, 154, 159, 163, 167, 170, 175, 178, 183, 187, 191, 195, 197, 203, 205, 211, 215, 217, 223, 225, 231, 233, 238, 242, 247, 248, 254, 257, 262, 266, 270, 273, 278, 282, 285, 290, 293, 298, 302, 306, 309, 312, 318, 322, 324, 330, 332, 338, 340, 344, 350, 353, 356, 361, 365, 368, 373, 377, 381, 384, 389, 393, 396, 401, 405, 409, 412, 417, 420, 425, 429, 432, 437, 441, 443, 449, 451, 457, 461, 463, 468, 473, 475, 481, 483, 488, 491, 496, 500, 504, 507, 512];

Decomposition solution:
Meaning of solution vector: [P  4529 [k=2 v=1] gets set {476}, P  8267 [k=2 v=1] gets set {803}]
Probabilities and corresponding integer solution:
lambda_0 = 0.500000 and welfare = 6575.619016 and x_l = [1, 0]
lambda_1 = 0.326276 and welfare = 11092.856803 and x_l = [0, 1]
lambda_2 = 0.173724 and welfare = 0.000000 and x_l = [0, 0]
lambda_else = 0
Using 3 out of 3 integer solutions.
Expected social welfare: 6907.147593
Objective value of primal LP: 1.000000


