Analysis results no. 14

Ellipsoid method stopped in iteration 1000 because reached N.
Ellipsoid parameters: cut=deep; eps=0.000000; N=1000; R=2.645751.
Ellipsoid performance: runtime=6.142323 sec.; constraint-cuts=707.

First iteration in which primal was feasible: 14.
In total 10 integer solutions where found, whereas 4 where used by primal.

Solution quality:
Expected social welfare=6908.340122
Absolute deviation=4145.125539
Variance=19704558.549143
Standard deviation=4438.981702
Coefficient of variation=0.642554

Distribution of constraint cuts:
cons_cuts=[2, 4, 6, 8, 10, 13, 14, 16, 18, 20, 21, 23, 25, 26, 28, 29, 31, 33, 34, 36, 37, 38, 40, 42, 43, 45, 46, 48, 50, 51, 52, 54, 55, 57, 58, 60, 61, 63, 64, 66, 67, 68, 70, 71, 72, 74, 76, 77, 79, 80, 82, 83, 84, 86, 88, 89, 91, 92, 93, 95, 97, 98, 99, 100, 101, 102, 104, 105, 107, 109, 110, 112, 113, 115, 116, 117, 119, 120, 122, 123, 124, 125, 127, 128, 130, 131, 132, 134, 135, 136, 137, 139, 140, 142, 143, 145, 146, 148, 149, 150, 151, 153, 154, 156, 157, 158, 159, 161, 162, 164, 165, 167, 168, 170, 171, 173, 174, 175, 177, 179, 180, 182, 183, 184, 186, 187, 189, 190, 192, 193, 194, 196, 197, 198, 199, 201, 202, 203, 204, 206, 207, 209, 211, 212, 214, 215, 216, 218, 219, 221, 222, 224, 225, 227, 228, 229, 231, 232, 233, 235, 236, 238, 239, 240, 242, 243, 245, 246, 247, 249, 250, 251, 253, 254, 255, 257, 259, 260, 261, 262, 263, 265, 266, 268, 269, 271, 272, 274, 275, 276, 278, 279, 281, 282, 284, 285, 286, 288, 289, 290, 292, 293, 294, 296, 297, 299, 300, 301, 303, 305, 306, 307, 308, 310, 311, 313, 314, 316, 317, 319, 320, 321, 323, 324, 325, 327, 328, 330, 331, 333, 334, 336, 337, 339, 340, 341, 343, 344, 346, 347, 348, 350, 351, 352, 354, 355, 356, 358, 359, 360, 361, 363, 364, 366, 367, 369, 370, 372, 374, 375, 377, 378, 379, 380, 381, 383, 384, 386, 387, 388, 390, 391, 393, 394, 396, 397, 398, 400, 401, 403, 404, 405, 406, 408, 410, 411, 413, 414, 415, 417, 418, 420, 421, 422, 424, 425, 427, 428, 429, 431, 432, 434, 435, 436, 437, 439, 440, 441, 443, 444, 445, 447, 449, 450, 451, 453, 454, 456, 457, 459, 461, 462, 464, 466, 467, 469, 470, 471, 472, 474, 475, 476, 478, 479, 480, 481, 482, 484, 485, 486, 488, 489, 491, 493, 494, 495, 496, 498, 499, 501, 502, 503, 505, 506, 507, 509, 510, 512, 513, 514, 516, 518, 519, 520, 522, 523, 525, 526, 527, 529, 530, 532, 533, 534, 535, 537, 538, 539, 540, 542, 543, 544, 546, 547, 548, 550, 551, 553, 555, 556, 557, 559, 561, 562, 563, 565, 566, 567, 569, 570, 572, 573, 574, 576, 577, 579, 580, 581, 582, 584, 585, 587, 588, 589, 591, 592, 593, 595, 596, 598, 599, 601, 602, 604, 605, 607, 608, 609, 610, 612, 613, 614, 616, 617, 618, 620, 621, 623, 624, 626, 627, 628, 630, 631, 632, 634, 635, 637, 638, 639, 641, 642, 644, 645, 647, 648, 650, 652, 653, 655, 656, 657, 659, 660, 661, 663, 664, 666, 667, 669, 670, 671, 673, 674, 676, 677, 679, 680, 681, 683, 684, 686, 687, 689, 690, 692, 693, 695, 696, 697, 698, 699, 700, 702, 703, 705, 706, 707, 708, 710, 711, 712, 714, 715, 717, 718, 719, 721, 722, 724, 725, 727, 728, 730, 731, 732, 734, 736, 737, 738, 740, 741, 742, 744, 746, 747, 748, 749, 750, 752, 753, 754, 756, 757, 759, 760, 762, 763, 765, 766, 768, 769, 771, 772, 773, 775, 776, 777, 779, 781, 782, 783, 784, 786, 787, 789, 790, 792, 793, 795, 796, 798, 799, 800, 801, 803, 804, 806, 807, 809, 810, 811, 813, 814, 815, 817, 818, 820, 821, 823, 824, 826, 827, 828, 830, 831, 833, 834, 835, 837, 838, 839, 840, 842, 843, 845, 846, 847, 849, 850, 852, 853, 855, 857, 858, 860, 861, 862, 864, 865, 866, 868, 869, 870, 872, 873, 875, 876, 878, 879, 880, 882, 883, 885, 886, 887, 888, 889, 891, 892, 893, 895, 896, 897, 899, 900, 901, 903, 904, 906, 907, 909, 910, 911, 913, 915, 916, 917, 919, 921, 922, 923, 925, 926, 928, 929, 930, 932, 933, 935, 936, 938, 939, 941, 942, 943, 945, 946, 947, 948, 949, 951, 952, 953, 955, 956, 958, 959, 961, 962, 964, 965, 966, 968, 969, 971, 972, 973, 975, 976, 978, 979, 980, 982, 983, 985, 986, 987, 989, 990, 992, 993, 995, 996, 997, 999, 1000];
Distribution of found integer solutions:
int_sols=[2, 4, 6, 8, 14, 16, 34, 37, 79, 88];
Distribution of found duplicates:
int_dupl=[18, 28, 38, 43, 48, 58, 64, 74, 80, 86, 93, 105, 110, 119, 127, 148, 157, 165, 171, 177, 184, 194, 207, 212, 219, 229, 236, 247, 255, 269, 276, 286, 297, 303, 313, 321, 330, 337, 346, 363, 369, 375, 386, 394, 404, 411, 421, 431, 441, 451, 457, 462, 467, 482, 488, 496, 506, 514, 520, 527, 539, 550, 555, 563, 573, 585, 596, 601, 613, 624, 638, 644, 648, 653, 663, 671, 679, 687, 700, 714, 725, 730, 738, 754, 760, 765, 775, 784, 793, 801, 811, 818, 827, 842, 847, 853, 858, 869, 876, 897, 903, 911, 917, 926, 933, 943, 958, 965, 973, 983, 989, 997, 20, 29, 60, 66, 123, 149, 167, 173, 196, 239, 250, 278, 292, 327, 348, 387, 396, 413, 432, 512, 516, 535, 542, 565, 587, 602, 626, 702, 715, 731, 740, 817, 849, 913, 10, 21, 31, 51, 67, 91, 99, 122, 132, 136, 139, 143, 197, 199, 231, 238, 249, 261, 293, 306, 343, 347, 356, 359, 364, 377, 405, 434, 444, 453, 479, 498, 532, 534, 540, 556, 581, 588, 609, 617, 627, 634, 697, 703, 710, 717, 747, 750, 776, 803, 837, 839, 886, 888, 892, 948, 951, 975, 13, 23, 33, 52, 70, 98, 100, 131, 135, 137, 142, 156, 192, 198, 202, 228, 246, 259, 262, 284, 294, 307, 320, 355, 358, 361, 378, 403, 418, 428, 436, 443, 450, 478, 480, 495, 505, 533, 538, 544, 570, 580, 582, 591, 608, 612, 618, 630, 637, 657, 670, 696, 698, 706, 711, 719, 746, 749, 753, 773, 783, 800, 810, 821, 835, 838, 865, 868, 885, 887, 891, 895, 925, 942, 947, 949, 956, 972, 982, 996, 25, 42, 57, 63, 76, 97, 102, 130, 154, 159, 164, 170, 174, 193, 206, 215, 227, 257, 263, 268, 279, 285, 296, 310, 319, 324, 328, 354, 380, 384, 393, 401, 414, 420, 429, 440, 476, 481, 494, 503, 509, 513, 518, 548, 566, 572, 584, 595, 604, 616, 623, 641, 656, 660, 669, 674, 695, 699, 712, 724, 732, 741, 757, 772, 782, 787, 799, 809, 814, 820, 834, 846, 850, 866, 872, 883, 896, 906, 910, 923, 929, 941, 945, 955, 961, 971, 980, 986, 995, 1000, 26, 36, 40, 45, 55, 61, 71, 77, 84, 89, 104, 109, 117, 125, 146, 151, 161, 168, 175, 180, 189, 203, 209, 216, 224, 233, 242, 253, 265, 272, 281, 290, 301, 311, 316, 325, 333, 341, 351, 367, 372, 381, 390, 398, 408, 415, 425, 437, 447, 456, 461, 466, 474, 486, 491, 501, 510, 519, 526, 546, 551, 559, 567, 577, 592, 598, 605, 620, 631, 642, 647, 652, 661, 666, 676, 683, 692, 707, 721, 727, 734, 742, 759, 763, 769, 779, 789, 796, 806, 815, 824, 831, 845, 852, 857, 862, 873, 880, 901, 907, 916, 921, 930, 938, 953, 962, 968, 978, 987, 992, 50, 68, 83, 113, 116, 124, 150, 183, 187, 201, 222, 240, 245, 251, 275, 289, 300, 336, 340, 350, 388, 397, 424, 435, 470, 472, 485, 525, 530, 537, 543, 562, 576, 589, 610, 628, 635, 681, 686, 690, 705, 718, 737, 752, 768, 792, 826, 830, 861, 879, 900, 915, 936, 966, 46, 54, 72, 82, 95, 101, 112, 115, 128, 153, 158, 162, 182, 186, 190, 204, 214, 221, 225, 243, 254, 260, 266, 274, 282, 288, 299, 308, 317, 323, 334, 339, 352, 379, 383, 391, 400, 417, 422, 427, 439, 469, 471, 475, 484, 493, 502, 507, 523, 529, 547, 561, 569, 574, 579, 593, 607, 614, 621, 632, 639, 655, 659, 667, 673, 680, 684, 689, 693, 708, 722, 736, 744, 756, 766, 771, 781, 786, 790, 798, 807, 813, 823, 828, 833, 860, 864, 870, 878, 882, 899, 904, 909, 922, 928, 935, 939, 946, 959, 964, 969, 979, 985, 993, 999, 92, 120, 134, 140, 145, 211, 218, 232, 271, 305, 314, 331, 344, 360, 366, 370, 406, 445, 454, 499, 522, 557, 664, 677, 748, 777, 795, 804, 840, 843, 875, 889, 893, 932, 952, 976, 990, 107, 179, 235, 374, 410, 449, 459, 464, 489, 553, 599, 645, 650, 728, 762, 855, 919];

Decomposition solution:
Meaning of solution vector: [P    30 [k=1 v=0] gets set {13}, P    50 [k=1 v=0] gets set {30}, P   480 [k=1 v=0] gets set {3}, P   680 [k=3 v=1] gets set {246}, P   680 [k=3 v=1] gets set {818}, P   688 [k=3 v=1] gets set {250}]
Probabilities and corresponding integer solution:
lambda_0 = 0.400350 and welfare = 11938.162091 and x_l = [1, 1, 1, 0, 1, 0]
lambda_5 = 0.400350 and welfare = 3451.001619 and x_l = [0, 0, 0, 0, 0, 1]
lambda_6 = 0.099650 and welfare = 0.000000 and x_l = [0, 0, 0, 0, 0, 0]
lambda_7 = 0.099650 and welfare = 7499.158950 and x_l = [1, 1, 1, 1, 0, 1]
lambda_else = 0
Using 4 out of 10 integer solutions.
Expected social welfare: 6908.340122
Objective value of primal LP: 1.000000


