Analysis results no. 6

Ellipsoid method stopped in iteration 1000 because reached N.
Ellipsoid parameters: cut=shallow; eps=0.000000; N=1000; R=2.645751.
Ellipsoid performance: runtime=5.251221 sec.; constraint-cuts=773.

First iteration in which primal was feasible: 24.
In total 10 integer solutions where found, whereas 4 where used by primal.

Solution quality:
Expected social welfare=6908.340122
Absolute deviation=4027.374934
Variance=18811227.628516
Standard deviation=4337.191214
Coefficient of variation=0.627820

Distribution of constraint cuts:
cons_cuts=[2, 3, 5, 7, 9, 10, 12, 14, 16, 18, 19, 21, 23, 24, 26, 28, 30, 31, 33, 35, 36, 38, 40, 41, 43, 45, 46, 48, 50, 51, 53, 55, 56, 58, 59, 61, 62, 64, 65, 67, 69, 70, 72, 73, 75, 76, 78, 80, 81, 83, 84, 86, 87, 89, 90, 92, 93, 95, 96, 98, 99, 101, 102, 104, 105, 107, 108, 110, 111, 113, 114, 116, 117, 118, 120, 121, 123, 124, 126, 127, 129, 130, 132, 133, 134, 136, 137, 139, 140, 142, 143, 144, 146, 147, 149, 150, 151, 153, 154, 156, 157, 159, 160, 161, 163, 164, 165, 167, 168, 170, 171, 172, 174, 175, 177, 178, 179, 181, 182, 183, 185, 186, 188, 189, 190, 192, 193, 194, 196, 197, 199, 200, 201, 203, 204, 205, 207, 208, 209, 211, 212, 213, 215, 216, 217, 219, 220, 221, 223, 224, 225, 227, 228, 230, 231, 232, 234, 235, 236, 238, 239, 240, 241, 243, 244, 246, 247, 248, 250, 251, 252, 254, 255, 256, 257, 259, 260, 262, 263, 264, 265, 267, 268, 269, 271, 272, 273, 275, 276, 277, 279, 280, 281, 282, 284, 285, 286, 288, 289, 290, 292, 293, 294, 296, 297, 298, 299, 301, 302, 303, 305, 306, 307, 309, 310, 311, 313, 314, 315, 316, 318, 319, 320, 322, 323, 324, 325, 327, 328, 329, 331, 332, 333, 334, 336, 337, 338, 339, 341, 342, 343, 344, 346, 347, 349, 350, 351, 352, 354, 355, 356, 358, 359, 360, 361, 363, 364, 365, 366, 368, 369, 370, 372, 373, 374, 375, 377, 378, 379, 380, 382, 383, 384, 386, 387, 388, 389, 391, 392, 393, 394, 396, 397, 398, 400, 401, 402, 403, 405, 406, 407, 408, 409, 411, 412, 413, 414, 416, 417, 418, 420, 421, 422, 423, 425, 426, 427, 429, 430, 431, 432, 434, 435, 436, 437, 439, 440, 441, 442, 444, 445, 446, 447, 449, 450, 451, 452, 454, 455, 456, 457, 459, 460, 461, 462, 464, 465, 466, 468, 469, 470, 471, 473, 474, 475, 476, 478, 479, 480, 482, 483, 484, 486, 487, 488, 489, 490, 492, 493, 494, 495, 497, 498, 499, 500, 502, 503, 504, 505, 507, 508, 509, 511, 512, 513, 514, 515, 517, 518, 519, 520, 522, 523, 524, 525, 527, 528, 529, 531, 532, 533, 535, 536, 537, 538, 540, 541, 542, 543, 545, 546, 547, 548, 550, 551, 552, 553, 555, 556, 557, 558, 559, 561, 562, 563, 564, 566, 567, 568, 569, 571, 572, 573, 574, 576, 577, 578, 579, 581, 582, 583, 584, 586, 587, 588, 589, 591, 592, 593, 594, 596, 597, 598, 600, 601, 602, 603, 605, 606, 607, 608, 610, 611, 612, 613, 615, 616, 617, 618, 620, 621, 622, 623, 625, 626, 627, 628, 629, 631, 632, 633, 634, 636, 637, 638, 639, 641, 642, 643, 644, 646, 647, 648, 649, 650, 652, 653, 654, 655, 657, 658, 659, 660, 661, 663, 664, 665, 666, 667, 669, 670, 671, 672, 673, 675, 676, 677, 678, 679, 681, 682, 683, 684, 686, 687, 688, 689, 690, 691, 692, 694, 695, 696, 698, 699, 700, 701, 702, 703, 705, 706, 707, 708, 709, 711, 712, 713, 714, 716, 717, 718, 720, 721, 722, 723, 724, 726, 727, 728, 729, 730, 732, 733, 734, 735, 736, 738, 739, 740, 741, 742, 744, 745, 746, 747, 748, 749, 751, 752, 753, 754, 756, 757, 758, 759, 761, 762, 763, 765, 766, 767, 768, 769, 770, 771, 773, 774, 775, 776, 777, 779, 780, 781, 782, 783, 785, 786, 787, 789, 790, 791, 792, 793, 795, 796, 797, 798, 800, 801, 802, 803, 805, 806, 807, 808, 809, 811, 812, 813, 814, 816, 817, 818, 819, 820, 821, 823, 824, 825, 826, 827, 829, 830, 831, 833, 834, 835, 836, 837, 839, 840, 841, 842, 843, 845, 846, 847, 848, 849, 851, 852, 853, 854, 855, 856, 858, 859, 860, 861, 862, 864, 865, 866, 868, 869, 870, 871, 873, 874, 875, 876, 877, 878, 880, 881, 882, 883, 885, 886, 887, 888, 890, 891, 892, 893, 894, 896, 897, 898, 899, 900, 902, 903, 904, 905, 907, 908, 909, 910, 911, 912, 914, 915, 916, 917, 919, 920, 921, 922, 924, 925, 926, 927, 928, 930, 931, 932, 933, 934, 936, 937, 938, 939, 941, 942, 943, 944, 945, 946, 948, 949, 950, 951, 952, 953, 955, 956, 957, 958, 959, 960, 962, 963, 964, 965, 966, 968, 969, 970, 971, 973, 974, 975, 976, 977, 979, 980, 981, 982, 983, 985, 986, 987, 988, 990, 991, 992, 994, 995, 996, 997, 999, 1000];
Distribution of found integer solutions:
int_sols=[2, 3, 7, 9, 12, 24, 36, 48, 61, 65];
Distribution of found duplicates:
int_dupl=[5, 10, 18, 28, 31, 35, 43, 51, 59, 62, 69, 72, 86, 89, 102, 105, 108, 117, 120, 123, 126, 139, 142, 144, 156, 170, 172, 183, 186, 194, 197, 212, 215, 219, 223, 227, 230, 244, 251, 257, 265, 268, 275, 284, 288, 294, 297, 301, 305, 310, 318, 325, 337, 344, 346, 352, 356, 363, 366, 370, 377, 382, 384, 391, 398, 413, 418, 421, 426, 431, 435, 441, 449, 456, 460, 465, 470, 475, 479, 483, 489, 500, 505, 509, 519, 524, 528, 532, 535, 538, 543, 548, 553, 559, 564, 569, 574, 579, 584, 588, 592, 596, 601, 605, 610, 615, 620, 625, 629, 633, 638, 648, 654, 660, 667, 672, 682, 687, 695, 703, 711, 716, 723, 727, 738, 751, 757, 761, 773, 783, 787, 792, 796, 803, 809, 813, 821, 827, 831, 835, 843, 856, 861, 866, 870, 878, 883, 887, 894, 900, 904, 912, 917, 925, 930, 934, 946, 957, 968, 971, 980, 985, 988, 992, 996, 19, 110, 143, 189, 199, 207, 327, 379, 386, 393, 420, 550, 555, 576, 581, 586, 606, 669, 673, 806, 824, 859, 897, 981, 14, 16, 23, 26, 40, 45, 53, 56, 76, 80, 83, 92, 95, 114, 129, 136, 150, 157, 160, 164, 167, 175, 178, 188, 192, 200, 203, 205, 231, 235, 238, 241, 246, 252, 259, 276, 290, 320, 328, 331, 338, 359, 378, 392, 402, 405, 408, 411, 442, 450, 454, 471, 486, 490, 495, 502, 511, 515, 520, 663, 679, 689, 691, 698, 700, 707, 712, 720, 728, 730, 735, 739, 741, 745, 747, 754, 766, 768, 770, 774, 777, 780, 789, 805, 823, 848, 853, 858, 896, 921, 926, 942, 944, 948, 952, 958, 962, 964, 975, 977, 1000, 30, 33, 41, 50, 58, 64, 67, 70, 84, 90, 101, 104, 107, 116, 118, 124, 127, 137, 140, 146, 154, 168, 174, 185, 196, 211, 213, 217, 221, 225, 228, 243, 250, 256, 264, 267, 271, 277, 282, 285, 293, 296, 299, 302, 306, 311, 316, 324, 334, 343, 347, 351, 354, 361, 365, 369, 374, 383, 387, 394, 401, 414, 417, 422, 425, 430, 432, 439, 446, 455, 459, 462, 466, 474, 476, 480, 484, 493, 499, 504, 508, 514, 523, 525, 529, 533, 537, 542, 547, 552, 558, 563, 568, 572, 577, 582, 587, 591, 594, 598, 603, 608, 613, 618, 623, 628, 634, 639, 644, 650, 655, 666, 671, 676, 683, 694, 702, 706, 714, 718, 724, 733, 749, 753, 758, 762, 782, 786, 791, 795, 798, 808, 812, 817, 826, 830, 834, 839, 847, 852, 862, 865, 869, 874, 882, 886, 891, 899, 903, 908, 916, 920, 928, 933, 937, 951, 966, 970, 974, 983, 987, 991, 995, 21, 38, 46, 55, 73, 78, 81, 93, 96, 113, 130, 134, 149, 151, 159, 163, 165, 177, 179, 190, 201, 204, 208, 234, 236, 240, 247, 254, 260, 273, 280, 289, 309, 315, 322, 329, 333, 339, 358, 373, 389, 397, 403, 407, 409, 437, 445, 452, 469, 488, 494, 498, 513, 518, 557, 643, 649, 659, 664, 678, 686, 690, 699, 708, 721, 729, 734, 740, 744, 746, 765, 767, 769, 776, 779, 802, 820, 842, 851, 855, 877, 893, 911, 924, 941, 943, 950, 953, 960, 963, 976, 182, 193, 220, 263, 332, 342, 364, 380, 429, 444, 541, 567, 597, 612, 617, 622, 627, 632, 637, 807, 816, 825, 837, 860, 873, 898, 907, 932, 982, 999, 75, 98, 132, 153, 181, 216, 224, 262, 269, 279, 286, 307, 313, 319, 336, 341, 349, 355, 368, 375, 400, 427, 434, 440, 447, 464, 540, 545, 561, 566, 571, 600, 611, 616, 621, 626, 631, 636, 641, 646, 652, 657, 661, 677, 688, 800, 814, 818, 836, 840, 845, 871, 875, 880, 888, 905, 909, 914, 931, 938, 955, 997, 255, 298, 423, 468, 478, 482, 497, 507, 517, 527, 531, 589, 593, 602, 709, 722, 726, 759, 763, 801, 811, 829, 833, 854, 864, 868, 885, 892, 902, 919, 936, 973, 986, 990, 994, 87, 121, 161, 171, 232, 239, 248, 292, 360, 406, 412, 451, 457, 473, 487, 492, 503, 512, 522, 536, 681, 692, 696, 701, 705, 713, 717, 732, 736, 742, 748, 752, 756, 771, 775, 781, 785, 790, 793, 849, 922, 927, 945, 949, 959, 965, 969, 979, 99, 111, 133, 147, 209, 272, 281, 303, 314, 323, 350, 372, 388, 396, 416, 436, 461, 546, 551, 556, 562, 573, 578, 583, 607, 642, 647, 653, 658, 665, 670, 675, 684, 797, 819, 841, 846, 876, 881, 890, 910, 915, 939, 956];

Decomposition solution:
Meaning of solution vector: [P    30 [k=1 v=0] gets set {13}, P    50 [k=1 v=0] gets set {30}, P   480 [k=1 v=0] gets set {3}, P   680 [k=3 v=1] gets set {246}, P   680 [k=3 v=1] gets set {818}, P   688 [k=3 v=1] gets set {250}]
Probabilities and corresponding integer solution:
lambda_0 = 0.400350 and welfare = 11938.162091 and x_l = [1, 1, 1, 0, 1, 0]
lambda_1 = 0.099650 and welfare = 6844.255414 and x_l = [0, 0, 0, 1, 0, 1]
lambda_3 = 0.400350 and welfare = 3451.001619 and x_l = [0, 0, 0, 0, 0, 1]
lambda_9 = 0.099650 and welfare = 654.903537 and x_l = [1, 1, 1, 0, 0, 0]
lambda_else = 0
Using 4 out of 10 integer solutions.
Expected social welfare: 6908.340122
Objective value of primal LP: 1.000000


