Analysis results no. 25

Ellipsoid method stopped in iteration 1000 because reached N.
Ellipsoid parameters: cut=central; eps=0.000000; N=1000; R=2.645751.
Ellipsoid performance: runtime=3.284393 sec.; constraint-cuts=836.

First iteration in which primal was feasible: 49.
In total 10 integer solutions where found, whereas 4 where used by primal.

Solution quality:
Expected social welfare=6908.340122
Absolute deviation=4145.125539
Variance=19704558.549143
Standard deviation=4438.981702
Coefficient of variation=0.642554

Distribution of constraint cuts:
cons_cuts=[1, 2, 3, 4, 5, 7, 9, 10, 12, 13, 15, 16, 18, 19, 20, 22, 24, 25, 26, 28, 29, 30, 32, 33, 35, 36, 37, 38, 40, 41, 42, 44, 45, 46, 47, 48, 49, 51, 52, 53, 54, 56, 57, 58, 60, 61, 62, 64, 65, 66, 67, 69, 70, 71, 73, 74, 75, 77, 78, 79, 81, 82, 83, 84, 85, 87, 88, 89, 90, 91, 93, 94, 95, 96, 97, 98, 100, 101, 102, 103, 104, 105, 107, 108, 109, 111, 112, 113, 114, 116, 117, 118, 120, 121, 122, 123, 124, 125, 127, 128, 129, 130, 132, 133, 134, 136, 137, 138, 139, 140, 142, 143, 144, 146, 147, 148, 149, 150, 151, 152, 154, 155, 156, 157, 158, 159, 161, 162, 163, 164, 165, 166, 167, 169, 170, 171, 172, 173, 174, 175, 176, 177, 178, 179, 181, 182, 183, 185, 186, 187, 188, 190, 191, 192, 194, 195, 196, 197, 199, 200, 201, 203, 204, 205, 207, 208, 209, 211, 212, 213, 215, 216, 217, 219, 220, 221, 223, 224, 225, 226, 227, 228, 229, 230, 231, 232, 233, 234, 235, 236, 237, 238, 239, 240, 241, 242, 243, 244, 246, 247, 248, 249, 250, 251, 252, 253, 255, 256, 257, 258, 259, 260, 261, 262, 263, 265, 266, 267, 268, 270, 271, 272, 274, 275, 276, 277, 278, 279, 280, 282, 283, 284, 285, 286, 287, 288, 289, 291, 292, 293, 294, 295, 297, 298, 299, 300, 302, 303, 304, 305, 306, 308, 309, 310, 311, 313, 314, 315, 316, 318, 319, 320, 321, 322, 323, 324, 325, 327, 328, 329, 330, 331, 332, 333, 334, 336, 337, 338, 339, 340, 341, 342, 344, 345, 346, 348, 349, 350, 351, 352, 353, 355, 356, 357, 358, 359, 360, 362, 363, 364, 365, 366, 367, 368, 369, 371, 372, 373, 374, 376, 377, 378, 380, 381, 382, 383, 385, 386, 387, 389, 390, 391, 392, 393, 394, 395, 396, 398, 399, 400, 401, 403, 404, 405, 406, 408, 409, 410, 412, 413, 414, 416, 417, 418, 419, 420, 421, 423, 424, 425, 426, 427, 428, 429, 431, 432, 433, 434, 435, 437, 438, 439, 440, 441, 443, 444, 445, 446, 448, 449, 450, 452, 453, 454, 455, 457, 458, 459, 460, 462, 463, 464, 465, 466, 468, 469, 470, 471, 472, 473, 474, 475, 476, 477, 478, 479, 480, 481, 483, 484, 485, 486, 487, 488, 489, 491, 492, 493, 494, 495, 496, 497, 498, 499, 500, 502, 503, 504, 505, 507, 508, 509, 511, 512, 513, 514, 515, 517, 518, 519, 521, 522, 523, 524, 525, 526, 528, 529, 530, 531, 533, 534, 535, 536, 537, 538, 539, 540, 541, 542, 543, 545, 546, 547, 548, 549, 551, 552, 553, 555, 556, 557, 558, 560, 561, 562, 563, 564, 565, 567, 568, 569, 570, 571, 572, 573, 574, 575, 577, 578, 579, 580, 581, 582, 583, 584, 585, 586, 588, 589, 590, 591, 592, 594, 595, 596, 597, 598, 599, 601, 602, 603, 604, 605, 607, 608, 609, 610, 611, 612, 614, 615, 616, 618, 619, 620, 621, 622, 623, 624, 626, 627, 628, 629, 630, 632, 633, 634, 635, 637, 638, 639, 640, 642, 643, 644, 645, 646, 648, 649, 650, 651, 652, 653, 654, 655, 657, 658, 659, 660, 661, 662, 664, 665, 666, 667, 669, 670, 671, 672, 673, 674, 675, 677, 678, 679, 680, 681, 682, 684, 685, 686, 687, 688, 690, 691, 692, 693, 694, 695, 697, 698, 699, 700, 701, 703, 704, 705, 706, 708, 709, 710, 711, 712, 714, 715, 716, 717, 719, 720, 721, 723, 724, 725, 726, 727, 728, 729, 730, 732, 733, 734, 735, 736, 737, 738, 740, 741, 742, 743, 744, 745, 747, 748, 749, 750, 752, 753, 754, 755, 756, 758, 759, 760, 761, 762, 764, 765, 766, 767, 769, 770, 771, 772, 773, 774, 775, 777, 778, 779, 780, 782, 783, 784, 785, 786, 787, 788, 790, 791, 792, 793, 795, 796, 797, 799, 800, 801, 802, 803, 804, 805, 806, 808, 809, 810, 811, 813, 814, 815, 816, 818, 819, 820, 821, 822, 824, 825, 826, 827, 829, 830, 831, 833, 834, 835, 836, 838, 839, 840, 842, 843, 844, 846, 847, 848, 850, 851, 852, 853, 855, 856, 857, 858, 859, 860, 861, 862, 863, 864, 865, 866, 867, 869, 870, 871, 872, 873, 874, 875, 876, 877, 878, 880, 881, 882, 883, 884, 886, 887, 888, 889, 890, 891, 893, 894, 895, 896, 897, 898, 899, 900, 901, 903, 904, 905, 906, 907, 908, 910, 911, 912, 913, 914, 915, 917, 918, 919, 920, 922, 923, 924, 925, 927, 928, 929, 930, 932, 933, 934, 935, 936, 937, 939, 940, 941, 942, 943, 945, 946, 947, 948, 949, 951, 952, 953, 954, 956, 957, 958, 959, 961, 962, 963, 964, 966, 967, 968, 970, 971, 972, 973, 974, 975, 976, 977, 978, 979, 981, 982, 983, 984, 985, 986, 987, 989, 990, 991, 992, 993, 994, 995, 997, 998, 999, 1000];
Distribution of found integer solutions:
int_sols=[1, 2, 13, 35, 45, 46, 49, 54, 60, 84];
Distribution of found duplicates:
int_dupl=[3, 5, 10, 16, 24, 29, 33, 38, 42, 53, 100, 101, 116, 120, 125, 138, 154, 156, 159, 165, 169, 223, 233, 239, 251, 263, 318, 322, 324, 334, 336, 362, 367, 389, 394, 471, 474, 476, 477, 480, 483, 491, 498, 539, 541, 545, 569, 572, 574, 577, 591, 595, 597, 620, 622, 646, 650, 659, 679, 690, 691, 699, 724, 732, 733, 740, 741, 777, 799, 805, 856, 858, 862, 873, 874, 883, 886, 893, 898, 905, 912, 932, 942, 948, 949, 976, 983, 989, 4, 7, 9, 12, 15, 19, 22, 26, 30, 37, 41, 52, 56, 61, 62, 67, 71, 75, 79, 88, 91, 103, 107, 111, 114, 122, 127, 130, 134, 140, 144, 152, 164, 174, 182, 186, 190, 194, 197, 201, 205, 209, 213, 217, 221, 247, 250, 262, 270, 271, 285, 298, 309, 313, 316, 325, 338, 345, 346, 359, 366, 372, 378, 382, 386, 393, 398, 403, 409, 413, 417, 428, 441, 446, 450, 454, 458, 468, 486, 499, 503, 507, 514, 518, 523, 530, 534, 549, 553, 557, 567, 580, 590, 599, 603, 614, 618, 624, 627, 638, 642, 657, 661, 669, 682, 686, 693, 701, 705, 714, 717, 721, 730, 744, 749, 756, 767, 770, 778, 785, 792, 797, 806, 814, 815, 824, 829, 831, 836, 840, 844, 848, 852, 872, 881, 888, 897, 917, 923, 927, 930, 936, 941, 947, 952, 958, 962, 963, 971, 984, 997, 18, 20, 25, 28, 32, 36, 40, 51, 57, 58, 64, 66, 70, 74, 78, 82, 90, 98, 104, 108, 113, 118, 124, 129, 133, 137, 143, 147, 158, 167, 179, 185, 188, 192, 196, 200, 204, 208, 212, 216, 220, 238, 261, 266, 267, 274, 292, 297, 308, 311, 315, 321, 333, 342, 353, 360, 371, 373, 376, 380, 383, 387, 401, 405, 406, 410, 414, 429, 440, 445, 449, 453, 455, 463, 481, 497, 502, 505, 509, 515, 519, 529, 546, 548, 552, 556, 568, 575, 589, 596, 602, 612, 616, 621, 632, 637, 640, 645, 660, 664, 681, 685, 688, 698, 704, 710, 715, 719, 723, 738, 748, 752, 760, 766, 775, 780, 790, 793, 796, 804, 811, 822, 825, 827, 833, 835, 839, 843, 847, 851, 867, 880, 884, 904, 913, 922, 925, 929, 934, 940, 946, 953, 956, 959, 964, 967, 987, 998, 1000, 44, 48, 85, 96, 149, 150, 162, 170, 173, 177, 232, 235, 237, 243, 256, 276, 279, 282, 287, 289, 294, 302, 304, 331, 340, 350, 365, 392, 419, 423, 425, 433, 435, 439, 462, 465, 470, 488, 512, 524, 528, 538, 561, 563, 584, 588, 607, 610, 629, 634, 649, 653, 666, 673, 678, 694, 709, 726, 729, 736, 743, 755, 761, 765, 783, 801, 809, 819, 861, 864, 870, 876, 891, 896, 900, 907, 911, 918, 974, 978, 982, 991, 993, 47, 83, 87, 95, 151, 172, 178, 228, 230, 234, 240, 242, 244, 253, 257, 275, 278, 280, 283, 286, 288, 293, 299, 303, 305, 330, 341, 349, 351, 368, 395, 399, 418, 421, 424, 426, 431, 434, 437, 443, 459, 464, 469, 487, 511, 521, 525, 531, 535, 558, 562, 564, 585, 604, 608, 609, 628, 633, 652, 654, 665, 670, 674, 695, 706, 711, 727, 735, 745, 753, 758, 762, 771, 782, 802, 810, 818, 820, 863, 865, 869, 877, 890, 899, 901, 908, 914, 919, 973, 975, 979, 985, 992, 994, 93, 176, 226, 249, 258, 327, 355, 356, 492, 494, 537, 581, 582, 644, 671, 677, 772, 786, 787, 855, 937, 970, 94, 148, 161, 171, 175, 225, 231, 236, 248, 259, 319, 320, 323, 328, 332, 337, 363, 364, 390, 391, 472, 473, 475, 478, 479, 484, 493, 495, 496, 540, 542, 570, 571, 573, 578, 579, 583, 592, 594, 598, 619, 623, 643, 648, 651, 680, 687, 692, 700, 725, 728, 734, 742, 784, 788, 800, 853, 860, 871, 875, 882, 887, 894, 895, 910, 935, 968, 981, 990, 999, 97, 102, 112, 121, 123, 139, 155, 157, 163, 166, 224, 252, 260, 352, 357, 489, 536, 543, 658, 672, 675, 737, 773, 774, 803, 857, 859, 906, 933, 943, 945, 951, 977, 65, 69, 73, 77, 81, 89, 105, 109, 117, 128, 132, 136, 142, 146, 181, 183, 187, 191, 195, 199, 203, 207, 211, 215, 219, 265, 268, 272, 291, 295, 310, 314, 339, 344, 374, 377, 381, 385, 404, 408, 412, 416, 438, 444, 448, 452, 457, 466, 485, 504, 508, 513, 517, 526, 547, 551, 555, 586, 615, 630, 635, 639, 667, 684, 716, 720, 750, 764, 769, 791, 795, 808, 813, 826, 830, 834, 838, 842, 846, 850, 915, 924, 928, 939, 954, 957, 961, 966, 227, 229, 241, 246, 255, 277, 284, 300, 306, 329, 348, 358, 369, 396, 400, 420, 427, 432, 460, 500, 522, 533, 560, 565, 601, 605, 611, 626, 655, 662, 697, 703, 708, 712, 747, 754, 759, 779, 816, 821, 866, 878, 889, 903, 920, 972, 986, 995];

Decomposition solution:
Meaning of solution vector: [P    30 [k=1 v=0] gets set {13}, P    50 [k=1 v=0] gets set {30}, P   480 [k=1 v=0] gets set {3}, P   680 [k=3 v=1] gets set {246}, P   680 [k=3 v=1] gets set {818}, P   688 [k=3 v=1] gets set {250}]
Probabilities and corresponding integer solution:
lambda_0 = 0.099650 and welfare = 7499.158950 and x_l = [1, 1, 1, 1, 0, 1]
lambda_1 = 0.400350 and welfare = 11938.162091 and x_l = [1, 1, 1, 0, 1, 0]
lambda_2 = 0.400350 and welfare = 3451.001619 and x_l = [0, 0, 0, 0, 0, 1]
lambda_7 = 0.099650 and welfare = 0.000000 and x_l = [0, 0, 0, 0, 0, 0]
lambda_else = 0
Using 4 out of 10 integer solutions.
Expected social welfare: 6908.340122
Objective value of primal LP: 1.000000


