Analysis results no. 22

Ellipsoid method stopped in iteration 1000 because reached N.
Ellipsoid parameters: cut=central; eps=0.000000; N=1000; R=2.645751.
Ellipsoid performance: runtime=6.043403 sec.; constraint-cuts=831.

First iteration in which primal was feasible: 0.
In total 10 integer solutions where found, whereas 3 where used by primal.

Solution quality:
Expected social welfare=12560.618403
Absolute deviation=8001.105938
Variance=65329197.975751
Standard deviation=8082.647956
Coefficient of variation=0.643491

Distribution of constraint cuts:
cons_cuts=[2, 3, 5, 6, 8, 10, 11, 13, 14, 16, 17, 19, 20, 21, 23, 24, 26, 27, 28, 29, 31, 32, 34, 35, 36, 37, 39, 40, 41, 42, 44, 45, 46, 48, 49, 50, 51, 53, 54, 55, 56, 58, 59, 60, 61, 63, 64, 65, 66, 68, 69, 70, 71, 73, 74, 75, 76, 78, 79, 80, 81, 83, 84, 85, 87, 88, 89, 90, 91, 93, 94, 95, 96, 98, 99, 100, 101, 102, 104, 105, 106, 107, 108, 110, 111, 112, 113, 115, 116, 117, 119, 120, 121, 123, 124, 125, 126, 127, 128, 129, 130, 131, 133, 134, 135, 136, 137, 138, 140, 141, 142, 143, 144, 146, 147, 148, 149, 151, 152, 153, 154, 155, 156, 158, 159, 160, 161, 163, 164, 165, 166, 167, 168, 169, 171, 172, 173, 174, 175, 176, 178, 179, 180, 181, 182, 184, 185, 186, 187, 188, 190, 191, 192, 194, 195, 196, 197, 198, 200, 201, 202, 203, 204, 205, 207, 208, 209, 210, 211, 212, 213, 214, 216, 217, 218, 219, 221, 222, 223, 224, 226, 227, 228, 229, 230, 232, 233, 234, 235, 236, 237, 239, 240, 241, 242, 243, 245, 246, 247, 248, 249, 250, 252, 253, 254, 255, 256, 257, 258, 260, 261, 262, 263, 264, 265, 267, 268, 269, 270, 271, 273, 274, 275, 276, 277, 279, 280, 281, 282, 283, 284, 286, 287, 288, 289, 290, 292, 293, 294, 295, 297, 298, 299, 301, 302, 303, 304, 306, 307, 308, 309, 310, 312, 313, 314, 315, 316, 317, 319, 320, 321, 322, 323, 325, 326, 327, 328, 329, 330, 331, 332, 334, 335, 336, 337, 338, 340, 341, 342, 343, 344, 345, 346, 348, 349, 350, 351, 352, 353, 355, 356, 357, 358, 360, 361, 362, 363, 364, 366, 367, 368, 369, 370, 372, 373, 374, 375, 376, 377, 379, 380, 381, 382, 384, 385, 386, 387, 388, 389, 390, 392, 393, 394, 395, 397, 398, 399, 400, 402, 403, 404, 406, 407, 408, 410, 411, 412, 413, 414, 416, 417, 418, 419, 420, 421, 423, 424, 425, 426, 427, 429, 430, 431, 432, 433, 435, 436, 437, 438, 439, 440, 441, 443, 444, 445, 446, 447, 448, 449, 450, 452, 453, 454, 455, 456, 457, 459, 460, 461, 462, 463, 465, 466, 467, 468, 469, 470, 472, 473, 474, 475, 476, 478, 479, 480, 482, 483, 484, 485, 486, 487, 489, 490, 491, 492, 493, 494, 496, 497, 498, 499, 500, 502, 503, 504, 505, 507, 508, 509, 510, 511, 513, 514, 515, 516, 517, 518, 520, 521, 522, 523, 524, 526, 527, 528, 529, 531, 532, 533, 534, 535, 536, 537, 538, 539, 541, 542, 543, 544, 545, 547, 548, 549, 550, 551, 553, 554, 555, 556, 557, 559, 560, 561, 562, 564, 565, 566, 567, 568, 569, 570, 572, 573, 574, 575, 577, 578, 579, 580, 582, 583, 584, 585, 586, 587, 588, 590, 591, 592, 593, 594, 596, 597, 598, 599, 600, 601, 603, 604, 605, 606, 608, 609, 610, 611, 613, 614, 615, 616, 617, 618, 620, 621, 622, 623, 624, 625, 626, 628, 629, 630, 631, 632, 633, 635, 636, 637, 638, 639, 641, 642, 643, 644, 645, 647, 648, 649, 651, 652, 653, 654, 656, 657, 658, 659, 661, 662, 663, 665, 666, 667, 669, 670, 671, 673, 674, 675, 676, 677, 679, 680, 681, 682, 683, 684, 686, 687, 688, 689, 690, 692, 693, 694, 695, 696, 698, 699, 700, 701, 702, 703, 704, 705, 706, 708, 709, 710, 711, 712, 713, 714, 715, 716, 717, 718, 720, 721, 722, 723, 724, 725, 727, 728, 729, 730, 731, 733, 734, 735, 736, 737, 739, 740, 741, 742, 743, 745, 746, 747, 749, 750, 751, 752, 754, 755, 756, 757, 758, 759, 760, 761, 763, 764, 765, 766, 767, 768, 770, 771, 772, 773, 775, 776, 777, 778, 780, 781, 782, 784, 785, 786, 788, 789, 790, 792, 793, 794, 796, 797, 798, 799, 800, 802, 803, 804, 805, 806, 807, 808, 809, 810, 811, 812, 813, 815, 816, 817, 818, 819, 821, 822, 823, 824, 825, 827, 828, 829, 830, 831, 832, 833, 835, 836, 837, 838, 839, 841, 842, 843, 845, 846, 847, 848, 850, 851, 852, 853, 854, 855, 857, 858, 859, 860, 862, 863, 864, 865, 867, 868, 869, 870, 871, 872, 873, 874, 875, 876, 877, 878, 879, 880, 881, 883, 884, 885, 886, 888, 889, 890, 892, 893, 894, 895, 896, 897, 898, 900, 901, 902, 903, 904, 905, 906, 907, 909, 910, 911, 912, 913, 914, 915, 916, 918, 919, 920, 921, 923, 924, 925, 927, 928, 929, 930, 932, 933, 934, 936, 937, 938, 940, 941, 942, 943, 944, 945, 946, 948, 949, 950, 952, 953, 954, 956, 957, 958, 960, 961, 962, 963, 964, 965, 966, 967, 969, 970, 971, 972, 973, 974, 975, 976, 977, 979, 980, 981, 982, 984, 985, 986, 987, 989, 990, 991, 993, 994, 995, 996, 997, 998, 999, 1000];
Distribution of found integer solutions:
int_sols=[2, 3, 6, 8, 10, 11, 16, 23, 60, 65];
Distribution of found duplicates:
int_dupl=[5, 14, 24, 28, 31, 37, 46, 54, 55, 63, 68, 76, 79, 83, 87, 98, 102, 108, 112, 116, 120, 127, 136, 144, 149, 156, 160, 169, 179, 184, 188, 192, 198, 214, 219, 223, 227, 237, 246, 250, 265, 273, 282, 292, 295, 299, 303, 307, 313, 322, 329, 338, 352, 358, 360, 368, 377, 380, 394, 398, 402, 406, 410, 412, 423, 441, 457, 463, 467, 474, 478, 482, 487, 498, 503, 504, 510, 521, 529, 544, 549, 554, 557, 564, 574, 578, 590, 596, 603, 606, 610, 617, 630, 639, 648, 652, 654, 659, 662, 666, 670, 674, 684, 693, 706, 717, 730, 735, 745, 749, 754, 757, 771, 775, 777, 782, 786, 790, 793, 798, 808, 818, 824, 837, 842, 846, 860, 863, 881, 886, 890, 894, 909, 918, 921, 925, 929, 933, 937, 941, 949, 953, 957, 958, 971, 982, 986, 990, 994, 26, 40, 56, 164, 247, 258, 275, 325, 331, 341, 443, 453, 459, 499, 598, 712, 713, 720, 758, 803, 805, 943, 965, 997, 999, 13, 27, 29, 34, 45, 53, 58, 64, 66, 74, 78, 81, 85, 96, 100, 106, 110, 113, 117, 121, 135, 142, 148, 154, 159, 166, 176, 180, 186, 191, 195, 204, 218, 222, 226, 232, 239, 243, 261, 268, 277, 286, 290, 294, 298, 302, 304, 317, 328, 334, 342, 350, 356, 362, 367, 375, 382, 393, 397, 400, 404, 408, 420, 435, 447, 460, 462, 466, 472, 476, 480, 486, 491, 500, 508, 516, 524, 527, 542, 545, 551, 556, 560, 572, 577, 580, 594, 599, 605, 609, 615, 625, 635, 645, 649, 653, 657, 661, 665, 669, 673, 677, 690, 698, 715, 725, 734, 740, 746, 750, 752, 764, 768, 773, 778, 781, 785, 789, 794, 797, 813, 822, 830, 839, 843, 855, 862, 865, 876, 885, 889, 893, 904, 916, 920, 924, 928, 932, 936, 940, 946, 950, 954, 966, 976, 981, 985, 989, 993, 35, 99, 124, 126, 130, 143, 152, 165, 167, 205, 229, 245, 262, 279, 310, 332, 344, 348, 355, 370, 386, 437, 440, 444, 455, 469, 470, 484, 496, 497, 528, 533, 536, 548, 550, 562, 570, 583, 597, 601, 613, 624, 629, 702, 703, 705, 710, 711, 714, 716, 755, 763, 800, 804, 869, 872, 874, 875, 879, 880, 895, 901, 942, 964, 995, 998, 1000, 17, 20, 36, 41, 49, 61, 71, 90, 93, 125, 131, 140, 168, 174, 202, 207, 210, 213, 234, 241, 254, 256, 263, 270, 280, 287, 312, 321, 336, 345, 349, 364, 374, 387, 389, 414, 418, 425, 429, 431, 436, 450, 456, 493, 513, 517, 523, 534, 539, 567, 569, 584, 586, 592, 621, 623, 631, 638, 643, 680, 682, 688, 695, 700, 724, 729, 737, 742, 767, 811, 816, 827, 832, 836, 850, 852, 857, 868, 903, 910, 969, 974, 979, 19, 21, 39, 42, 50, 59, 69, 73, 88, 91, 94, 133, 137, 141, 172, 175, 201, 203, 209, 211, 216, 235, 242, 253, 255, 257, 269, 274, 283, 288, 315, 319, 323, 337, 346, 363, 372, 376, 388, 390, 413, 417, 419, 424, 426, 430, 432, 448, 452, 492, 507, 511, 514, 518, 522, 537, 566, 568, 585, 587, 591, 620, 622, 632, 636, 641, 644, 676, 681, 683, 687, 689, 694, 699, 722, 727, 731, 736, 741, 770, 809, 812, 817, 821, 825, 828, 831, 833, 838, 847, 851, 853, 858, 867, 906, 911, 961, 970, 972, 975, 980, 32, 48, 101, 104, 123, 128, 129, 146, 151, 155, 161, 171, 181, 187, 196, 208, 228, 233, 248, 264, 281, 308, 314, 330, 343, 351, 353, 369, 384, 385, 438, 439, 446, 468, 473, 483, 489, 494, 531, 532, 535, 541, 547, 553, 561, 573, 582, 600, 611, 616, 626, 628, 701, 704, 708, 709, 718, 756, 760, 765, 799, 806, 870, 871, 873, 877, 878, 883, 896, 897, 900, 905, 912, 915, 944, 962, 996, 44, 51, 105, 153, 163, 182, 185, 197, 230, 249, 260, 276, 309, 326, 327, 340, 381, 445, 454, 485, 538, 614, 721, 759, 761, 802, 807, 898, 902, 913, 914, 945, 963, 70, 80, 89, 95, 134, 138, 147, 173, 200, 212, 217, 252, 284, 316, 320, 361, 373, 379, 392, 416, 421, 427, 433, 449, 490, 505, 509, 515, 520, 555, 565, 588, 604, 618, 633, 637, 642, 675, 686, 692, 696, 723, 728, 733, 739, 810, 819, 823, 829, 835, 841, 848, 854, 859, 864, 960, 973, 75, 84, 107, 111, 115, 119, 158, 178, 190, 194, 221, 224, 236, 240, 267, 271, 289, 293, 297, 301, 306, 335, 357, 366, 395, 399, 403, 407, 411, 461, 465, 475, 479, 502, 526, 543, 559, 575, 579, 593, 608, 647, 651, 656, 658, 663, 667, 671, 679, 743, 747, 751, 766, 772, 776, 780, 784, 788, 792, 796, 815, 845, 884, 888, 892, 907, 919, 923, 927, 930, 934, 938, 948, 952, 956, 967, 977, 984, 987, 991];

Decomposition solution:
Meaning of solution vector: [P    30 [k=1 v=0] gets set {13}, P    50 [k=1 v=0] gets set {30}, P   480 [k=1 v=0] gets set {3}, P   680 [k=3 v=1] gets set {246}, P   680 [k=3 v=1] gets set {818}, P   688 [k=3 v=1] gets set {250}]
Probabilities and corresponding integer solution:
lambda_0 = 0.727908 and welfare = 11938.162091 and x_l = [1, 1, 1, 0, 1, 0]
lambda_2 = 0.727908 and welfare = 3451.001619 and x_l = [0, 0, 0, 0, 0, 1]
lambda_6 = 0.181182 and welfare = 7499.158950 and x_l = [1, 1, 1, 1, 0, 1]
lambda_else = 0
Using 3 out of 10 integer solutions.
Expected social welfare: 12560.618403
Objective value of primal LP: 1.636999


