Analysis results no. 9

Ellipsoid method stopped in iteration 1000 because reached N.
Ellipsoid parameters: cut=deep; eps=0.000000; N=1000; R=2.645751.
Ellipsoid performance: runtime=6.260129 sec.; constraint-cuts=733.

First iteration in which primal was feasible: 13.
In total 10 integer solutions where found, whereas 4 where used by primal.

Solution quality:
Expected social welfare=6908.340122
Absolute deviation=4027.374934
Variance=18811227.628516
Standard deviation=4337.191214
Coefficient of variation=0.627820

Distribution of constraint cuts:
cons_cuts=[2, 4, 6, 8, 10, 12, 13, 15, 16, 17, 19, 20, 22, 23, 25, 26, 28, 29, 31, 32, 34, 35, 37, 38, 39, 41, 42, 43, 45, 46, 48, 49, 50, 52, 53, 54, 56, 57, 59, 60, 61, 63, 64, 65, 67, 68, 69, 71, 72, 73, 75, 76, 77, 78, 79, 80, 82, 83, 84, 85, 87, 88, 89, 90, 92, 93, 94, 96, 97, 98, 100, 101, 103, 104, 105, 107, 108, 109, 111, 112, 113, 114, 116, 117, 119, 120, 121, 123, 124, 126, 127, 128, 129, 131, 132, 134, 135, 136, 137, 139, 140, 141, 143, 144, 145, 146, 148, 149, 150, 152, 153, 154, 156, 157, 158, 160, 161, 162, 163, 165, 166, 167, 169, 170, 171, 172, 174, 175, 176, 178, 179, 180, 182, 183, 184, 186, 187, 188, 190, 191, 192, 194, 195, 196, 197, 198, 199, 201, 202, 203, 204, 206, 207, 208, 209, 211, 212, 213, 215, 216, 217, 219, 220, 222, 223, 224, 226, 227, 228, 230, 231, 232, 233, 235, 236, 237, 239, 240, 241, 243, 244, 246, 247, 248, 249, 251, 252, 253, 255, 256, 258, 259, 260, 261, 263, 264, 265, 267, 268, 269, 271, 272, 274, 275, 276, 278, 279, 280, 282, 283, 284, 285, 287, 288, 289, 291, 292, 294, 295, 297, 298, 299, 301, 302, 304, 305, 307, 308, 309, 310, 311, 313, 314, 316, 317, 319, 320, 321, 322, 324, 325, 326, 328, 329, 331, 332, 334, 335, 336, 338, 339, 341, 342, 344, 345, 346, 347, 348, 350, 351, 353, 354, 356, 357, 358, 359, 361, 362, 363, 365, 366, 368, 369, 371, 372, 373, 375, 376, 378, 379, 381, 382, 383, 384, 385, 387, 388, 390, 391, 393, 394, 395, 396, 398, 399, 400, 402, 403, 405, 406, 408, 409, 410, 412, 413, 415, 416, 418, 419, 420, 421, 422, 424, 425, 427, 428, 430, 431, 432, 433, 435, 436, 437, 439, 440, 442, 443, 445, 446, 447, 449, 450, 452, 453, 455, 456, 457, 458, 459, 461, 462, 464, 465, 467, 468, 469, 470, 472, 473, 474, 476, 477, 479, 480, 482, 483, 484, 486, 487, 489, 490, 492, 493, 494, 495, 496, 498, 499, 501, 502, 504, 505, 506, 507, 509, 510, 511, 513, 514, 516, 517, 519, 520, 521, 523, 524, 526, 527, 529, 530, 531, 532, 533, 535, 536, 538, 539, 541, 542, 543, 544, 546, 547, 548, 550, 551, 553, 554, 556, 557, 558, 560, 561, 563, 564, 566, 567, 568, 569, 570, 572, 573, 575, 576, 578, 579, 580, 581, 583, 584, 585, 587, 588, 590, 591, 593, 594, 595, 597, 598, 600, 601, 603, 604, 605, 606, 607, 609, 610, 612, 613, 615, 616, 617, 618, 620, 621, 622, 624, 625, 627, 628, 630, 631, 632, 634, 635, 637, 638, 640, 641, 642, 643, 644, 646, 647, 649, 650, 652, 653, 654, 655, 657, 658, 659, 661, 662, 664, 665, 667, 668, 669, 671, 672, 674, 675, 677, 678, 679, 680, 681, 683, 684, 686, 687, 689, 690, 691, 692, 694, 695, 696, 698, 699, 701, 702, 704, 705, 706, 708, 709, 711, 712, 714, 715, 716, 717, 718, 720, 721, 723, 724, 726, 727, 728, 729, 731, 732, 733, 735, 736, 738, 739, 741, 742, 743, 745, 746, 748, 749, 751, 752, 753, 754, 755, 757, 758, 760, 761, 763, 764, 765, 766, 768, 769, 770, 772, 773, 775, 776, 778, 779, 780, 782, 783, 785, 786, 788, 789, 790, 791, 792, 794, 795, 797, 798, 800, 801, 802, 803, 805, 806, 807, 809, 810, 812, 813, 815, 816, 817, 819, 820, 822, 823, 825, 826, 827, 828, 829, 831, 832, 834, 835, 837, 838, 839, 840, 842, 843, 844, 846, 847, 849, 850, 852, 853, 854, 856, 857, 859, 860, 862, 863, 864, 865, 866, 868, 869, 871, 872, 874, 875, 876, 877, 879, 880, 881, 883, 884, 886, 887, 889, 890, 891, 893, 894, 896, 897, 899, 900, 901, 902, 903, 905, 906, 908, 909, 911, 912, 913, 914, 916, 917, 918, 920, 921, 923, 924, 926, 927, 928, 930, 931, 933, 934, 936, 937, 938, 939, 940, 942, 943, 945, 946, 948, 949, 950, 951, 953, 954, 955, 957, 958, 960, 961, 963, 964, 965, 967, 968, 970, 971, 973, 974, 975, 976, 977, 979, 980, 982, 983, 985, 986, 987, 988, 990, 991, 992, 994, 995, 997, 998, 1000];
Distribution of found integer solutions:
int_sols=[2, 4, 6, 8, 13, 15, 16, 22, 26, 42];
Distribution of found duplicates:
int_dupl=[17, 20, 25, 31, 39, 45, 53, 61, 68, 88, 93, 98, 103, 112, 119, 128, 137, 146, 153, 163, 172, 180, 187, 207, 212, 217, 222, 231, 240, 249, 255, 267, 276, 288, 294, 301, 313, 325, 331, 338, 350, 362, 368, 375, 387, 399, 405, 412, 424, 436, 442, 449, 461, 473, 479, 486, 498, 510, 516, 523, 535, 547, 553, 560, 572, 584, 590, 597, 609, 621, 627, 634, 646, 658, 664, 671, 683, 695, 701, 708, 720, 732, 738, 745, 757, 769, 775, 782, 794, 806, 812, 819, 831, 843, 849, 856, 868, 880, 886, 893, 905, 917, 923, 930, 942, 954, 960, 967, 979, 991, 997, 59, 94, 178, 213, 302, 339, 376, 413, 450, 487, 524, 561, 598, 635, 672, 709, 746, 783, 820, 857, 894, 931, 968, 10, 41, 77, 79, 83, 113, 129, 165, 196, 198, 202, 232, 258, 263, 284, 309, 321, 346, 358, 383, 395, 420, 432, 457, 469, 494, 506, 531, 543, 568, 580, 605, 617, 642, 654, 679, 691, 716, 728, 753, 765, 790, 802, 827, 839, 864, 876, 901, 913, 938, 950, 975, 987, 12, 38, 52, 76, 78, 82, 85, 111, 127, 136, 144, 157, 162, 171, 195, 197, 201, 204, 230, 239, 247, 260, 264, 275, 283, 287, 308, 311, 320, 324, 345, 348, 357, 361, 382, 385, 394, 398, 419, 422, 431, 435, 456, 459, 468, 472, 493, 496, 505, 509, 530, 533, 542, 546, 567, 570, 579, 583, 604, 607, 616, 620, 641, 644, 653, 657, 678, 681, 690, 694, 715, 718, 727, 731, 752, 755, 764, 768, 789, 792, 801, 805, 826, 829, 838, 842, 863, 866, 875, 879, 900, 903, 912, 916, 937, 940, 949, 953, 974, 977, 986, 990, 37, 50, 56, 60, 75, 87, 92, 96, 109, 126, 135, 140, 145, 156, 161, 170, 175, 179, 194, 206, 211, 215, 228, 237, 243, 248, 269, 274, 279, 291, 299, 304, 316, 328, 336, 341, 353, 365, 373, 378, 390, 402, 410, 415, 427, 439, 447, 452, 464, 476, 484, 489, 501, 513, 521, 526, 538, 550, 558, 563, 575, 587, 595, 600, 612, 624, 632, 637, 649, 661, 669, 674, 686, 698, 706, 711, 723, 735, 743, 748, 760, 772, 780, 785, 797, 809, 817, 822, 834, 846, 854, 859, 871, 883, 891, 896, 908, 920, 928, 933, 945, 957, 965, 970, 982, 994, 19, 23, 28, 34, 43, 48, 57, 64, 72, 90, 97, 101, 107, 116, 123, 132, 141, 150, 158, 167, 176, 183, 191, 209, 216, 220, 226, 235, 244, 253, 261, 271, 280, 292, 297, 305, 317, 329, 334, 342, 354, 366, 371, 379, 391, 403, 408, 416, 428, 440, 445, 453, 465, 477, 482, 490, 502, 514, 519, 527, 539, 551, 556, 564, 576, 588, 593, 601, 613, 625, 630, 638, 650, 662, 667, 675, 687, 699, 704, 712, 724, 736, 741, 749, 761, 773, 778, 786, 798, 810, 815, 823, 835, 847, 852, 860, 872, 884, 889, 897, 909, 921, 926, 934, 946, 958, 963, 971, 983, 995, 1000, 46, 100, 117, 219, 265, 29, 35, 49, 54, 65, 69, 73, 89, 104, 108, 120, 124, 134, 139, 143, 148, 152, 160, 169, 174, 184, 188, 192, 208, 223, 227, 236, 241, 246, 251, 268, 272, 278, 282, 289, 298, 307, 314, 319, 326, 335, 344, 351, 356, 363, 372, 381, 388, 393, 400, 409, 418, 425, 430, 437, 446, 455, 462, 467, 474, 483, 492, 499, 504, 511, 520, 529, 536, 541, 548, 557, 566, 573, 578, 585, 594, 603, 610, 615, 622, 631, 640, 647, 652, 659, 668, 677, 684, 689, 696, 705, 714, 721, 726, 733, 742, 751, 758, 763, 770, 779, 788, 795, 800, 807, 816, 825, 832, 837, 844, 853, 862, 869, 874, 881, 890, 899, 906, 911, 918, 927, 936, 943, 948, 955, 964, 973, 980, 985, 992, 32, 67, 71, 105, 121, 149, 186, 190, 224, 252, 285, 310, 322, 347, 359, 384, 396, 421, 433, 458, 470, 495, 507, 532, 544, 569, 581, 606, 618, 643, 655, 680, 692, 717, 729, 754, 766, 791, 803, 828, 840, 865, 877, 902, 914, 939, 951, 976, 988, 63, 80, 84, 114, 131, 154, 166, 182, 199, 203, 233, 256, 259, 295, 332, 369, 406, 443, 480, 517, 554, 591, 628, 665, 702, 739, 776, 813, 850, 887, 924, 961, 998];

Decomposition solution:
Meaning of solution vector: [P    30 [k=1 v=0] gets set {13}, P    50 [k=1 v=0] gets set {30}, P   480 [k=1 v=0] gets set {3}, P   680 [k=3 v=1] gets set {246}, P   680 [k=3 v=1] gets set {818}, P   688 [k=3 v=1] gets set {250}]
Probabilities and corresponding integer solution:
lambda_0 = 0.400350 and welfare = 11938.162091 and x_l = [1, 1, 1, 0, 1, 0]
lambda_1 = 0.099650 and welfare = 6844.255414 and x_l = [0, 0, 0, 1, 0, 1]
lambda_4 = 0.099650 and welfare = 654.903537 and x_l = [1, 1, 1, 0, 0, 0]
lambda_5 = 0.400350 and welfare = 3451.001619 and x_l = [0, 0, 0, 0, 0, 1]
lambda_else = 0
Using 4 out of 10 integer solutions.
Expected social welfare: 6908.340122
Objective value of primal LP: 1.000000


