Analysis results no. 17

Ellipsoid method stopped in iteration 1000 because reached N.
Ellipsoid parameters: cut=central; eps=0.000000; N=1000; R=2.645751.
Ellipsoid performance: runtime=5.849805 sec.; constraint-cuts=831.

First iteration in which primal was feasible: 28.
In total 10 integer solutions where found, whereas 4 where used by primal.

Solution quality:
Expected social welfare=6908.340122
Absolute deviation=4145.125539
Variance=19704558.549143
Standard deviation=4438.981702
Coefficient of variation=0.642554

Distribution of constraint cuts:
cons_cuts=[4, 5, 7, 9, 10, 12, 13, 15, 16, 18, 19, 21, 22, 23, 25, 26, 28, 29, 30, 31, 33, 34, 36, 37, 38, 39, 41, 42, 43, 44, 45, 47, 48, 49, 51, 52, 53, 54, 55, 57, 58, 59, 60, 62, 63, 64, 65, 66, 68, 69, 70, 71, 73, 74, 75, 76, 78, 79, 80, 81, 82, 84, 85, 86, 88, 89, 90, 91, 92, 94, 95, 96, 97, 98, 100, 101, 102, 103, 104, 105, 107, 108, 109, 110, 112, 113, 114, 115, 116, 117, 119, 120, 121, 122, 123, 125, 126, 127, 128, 130, 131, 132, 133, 135, 136, 137, 138, 139, 141, 142, 143, 144, 146, 147, 148, 150, 151, 152, 154, 155, 156, 157, 158, 159, 160, 162, 163, 164, 165, 166, 167, 168, 169, 170, 172, 173, 174, 175, 176, 178, 179, 180, 181, 182, 184, 185, 186, 187, 188, 189, 190, 192, 193, 194, 195, 197, 198, 199, 200, 202, 203, 204, 205, 206, 208, 209, 210, 211, 212, 214, 215, 216, 217, 218, 219, 221, 222, 223, 224, 225, 226, 227, 228, 230, 231, 232, 233, 235, 236, 237, 238, 240, 241, 242, 244, 245, 246, 247, 248, 249, 250, 251, 253, 254, 255, 256, 258, 259, 260, 262, 263, 264, 265, 267, 268, 269, 270, 271, 272, 273, 275, 276, 277, 278, 279, 280, 282, 283, 284, 285, 286, 288, 289, 290, 291, 292, 294, 295, 296, 297, 298, 299, 300, 301, 303, 304, 305, 306, 307, 309, 310, 311, 312, 313, 314, 315, 316, 318, 319, 320, 321, 322, 324, 325, 326, 328, 329, 330, 331, 332, 333, 335, 336, 337, 338, 340, 341, 342, 343, 344, 346, 347, 348, 349, 350, 351, 352, 353, 355, 356, 357, 358, 360, 361, 362, 363, 364, 365, 366, 368, 369, 370, 371, 372, 374, 375, 376, 377, 378, 379, 381, 382, 383, 384, 385, 387, 388, 389, 390, 391, 392, 394, 395, 396, 397, 399, 400, 401, 402, 403, 404, 406, 407, 408, 409, 411, 412, 413, 414, 416, 417, 418, 419, 421, 422, 423, 424, 425, 427, 428, 429, 430, 432, 433, 434, 435, 436, 437, 439, 440, 441, 443, 444, 445, 446, 447, 449, 450, 451, 452, 453, 454, 455, 456, 458, 459, 460, 461, 462, 464, 465, 466, 467, 468, 469, 471, 472, 473, 475, 476, 477, 478, 480, 481, 482, 483, 484, 486, 487, 488, 489, 490, 492, 493, 494, 495, 497, 498, 499, 500, 501, 502, 504, 505, 506, 507, 508, 509, 511, 512, 513, 514, 515, 516, 517, 518, 519, 521, 522, 523, 524, 525, 527, 528, 529, 531, 532, 533, 534, 536, 537, 538, 540, 541, 542, 543, 544, 545, 547, 548, 549, 550, 551, 552, 553, 555, 556, 557, 558, 559, 560, 561, 563, 564, 565, 566, 567, 568, 569, 570, 572, 573, 574, 575, 576, 577, 578, 580, 581, 582, 583, 584, 586, 587, 588, 589, 590, 591, 593, 594, 595, 596, 597, 598, 600, 601, 602, 603, 604, 605, 607, 608, 609, 610, 611, 613, 614, 615, 616, 618, 619, 620, 621, 622, 624, 625, 626, 627, 628, 629, 631, 632, 633, 634, 636, 637, 638, 639, 641, 642, 643, 645, 646, 647, 649, 650, 651, 652, 653, 655, 656, 657, 658, 659, 660, 662, 663, 664, 665, 667, 668, 669, 670, 672, 673, 674, 676, 677, 678, 679, 680, 681, 682, 683, 684, 685, 686, 688, 689, 690, 691, 692, 693, 694, 695, 696, 698, 699, 700, 701, 703, 704, 705, 706, 707, 708, 710, 711, 712, 713, 714, 716, 717, 718, 719, 720, 721, 722, 724, 725, 726, 728, 729, 730, 731, 733, 734, 735, 736, 738, 739, 740, 741, 743, 744, 745, 746, 748, 749, 750, 752, 753, 754, 756, 757, 758, 759, 761, 762, 763, 765, 766, 767, 769, 770, 771, 773, 774, 775, 777, 778, 779, 781, 782, 783, 785, 786, 787, 788, 789, 791, 792, 793, 794, 795, 797, 798, 799, 801, 802, 803, 804, 805, 806, 807, 808, 809, 810, 811, 812, 813, 814, 815, 816, 817, 818, 819, 820, 821, 823, 824, 825, 826, 827, 828, 829, 830, 832, 833, 834, 835, 837, 838, 839, 840, 841, 842, 843, 844, 845, 846, 848, 849, 850, 851, 852, 853, 854, 855, 857, 858, 859, 860, 862, 863, 864, 865, 866, 867, 869, 870, 871, 872, 873, 874, 875, 876, 877, 879, 880, 881, 882, 883, 884, 885, 886, 888, 889, 890, 891, 892, 894, 895, 896, 897, 898, 899, 901, 902, 903, 904, 905, 906, 908, 909, 910, 911, 912, 914, 915, 916, 917, 918, 919, 921, 922, 923, 924, 925, 927, 928, 929, 930, 931, 932, 934, 935, 936, 937, 938, 939, 941, 942, 943, 944, 946, 947, 948, 949, 950, 951, 953, 954, 955, 956, 957, 959, 960, 961, 962, 964, 965, 966, 967, 969, 970, 971, 972, 973, 975, 976, 977, 978, 979, 981, 982, 983, 984, 986, 987, 988, 989, 990, 991, 993, 994, 995, 996, 998, 999, 1000];
Distribution of found integer solutions:
int_sols=[4, 7, 9, 28, 29, 30, 36, 37, 45, 78];
Distribution of found duplicates:
int_dupl=[5, 10, 13, 18, 21, 25, 31, 34, 47, 49, 58, 62, 69, 74, 80, 85, 92, 103, 108, 114, 121, 126, 132, 136, 141, 144, 148, 152, 173, 175, 184, 194, 198, 200, 208, 223, 232, 236, 240, 241, 251, 256, 263, 264, 275, 283, 291, 305, 312, 319, 324, 328, 337, 338, 344, 357, 371, 383, 392, 397, 401, 407, 412, 417, 424, 428, 439, 446, 460, 462, 471, 475, 478, 488, 494, 507, 515, 523, 525, 529, 533, 537, 541, 552, 564, 578, 584, 602, 614, 619, 624, 629, 634, 639, 643, 647, 651, 660, 668, 672, 674, 699, 705, 712, 714, 725, 729, 733, 741, 745, 746, 752, 756, 759, 763, 767, 771, 775, 779, 783, 789, 794, 799, 816, 830, 833, 846, 858, 859, 866, 883, 888, 901, 906, 911, 919, 932, 947, 951, 957, 961, 965, 979, 982, 987, 994, 998, 15, 22, 42, 57, 115, 122, 130, 139, 156, 163, 190, 217, 219, 224, 225, 276, 279, 288, 289, 329, 335, 340, 349, 369, 389, 402, 455, 504, 511, 514, 516, 521, 542, 545, 548, 550, 565, 568, 573, 580, 581, 596, 609, 683, 686, 696, 703, 708, 710, 801, 804, 806, 810, 813, 817, 819, 820, 841, 848, 849, 855, 865, 870, 880, 884, 892, 896, 910, 934, 935, 949, 955, 988, 989, 12, 16, 19, 23, 26, 33, 38, 48, 55, 60, 68, 71, 79, 84, 88, 102, 105, 112, 120, 125, 128, 133, 138, 143, 147, 151, 155, 170, 182, 192, 195, 199, 203, 214, 218, 231, 233, 237, 250, 255, 259, 260, 273, 280, 284, 286, 311, 316, 321, 325, 331, 333, 342, 356, 370, 374, 388, 396, 400, 404, 409, 413, 416, 419, 429, 434, 444, 459, 467, 469, 473, 477, 483, 493, 502, 509, 519, 524, 528, 532, 536, 540, 549, 561, 570, 583, 595, 608, 615, 622, 627, 632, 636, 638, 642, 646, 650, 664, 667, 670, 682, 695, 701, 707, 722, 726, 730, 734, 739, 743, 748, 750, 754, 758, 762, 766, 770, 774, 778, 782, 786, 795, 798, 823, 829, 840, 851, 854, 864, 869, 879, 891, 895, 909, 918, 922, 937, 946, 950, 954, 960, 962, 977, 981, 984, 991, 995, 999, 73, 91, 107, 135, 142, 146, 150, 154, 193, 197, 202, 230, 235, 238, 254, 258, 262, 282, 303, 322, 326, 381, 411, 414, 418, 437, 447, 468, 472, 476, 486, 492, 506, 522, 527, 531, 534, 538, 600, 616, 633, 637, 641, 645, 649, 665, 669, 673, 698, 728, 731, 735, 740, 744, 749, 753, 757, 761, 765, 769, 773, 777, 781, 785, 793, 797, 824, 832, 857, 867, 944, 953, 959, 964, 978, 993, 996, 1000, 39, 43, 54, 65, 76, 90, 95, 98, 116, 159, 160, 165, 168, 179, 188, 205, 210, 215, 227, 245, 268, 270, 295, 298, 300, 304, 348, 351, 361, 364, 366, 378, 382, 391, 423, 433, 436, 443, 449, 454, 482, 487, 490, 498, 508, 556, 558, 567, 574, 576, 588, 591, 597, 601, 610, 618, 655, 657, 663, 677, 688, 692, 700, 717, 720, 736, 788, 825, 828, 845, 853, 872, 875, 877, 882, 890, 897, 904, 915, 924, 928, 930, 941, 943, 969, 971, 975, 41, 44, 52, 64, 75, 81, 89, 94, 96, 100, 117, 158, 164, 166, 169, 178, 180, 187, 204, 209, 211, 228, 244, 246, 265, 269, 271, 294, 296, 299, 301, 306, 346, 350, 352, 360, 362, 365, 375, 379, 384, 394, 421, 425, 430, 435, 440, 445, 450, 456, 480, 484, 489, 495, 499, 555, 557, 559, 566, 575, 587, 589, 593, 598, 605, 611, 620, 652, 656, 658, 662, 676, 689, 693, 716, 718, 721, 738, 787, 792, 826, 827, 834, 862, 873, 874, 885, 898, 902, 905, 914, 916, 923, 925, 929, 938, 942, 966, 970, 972, 976, 51, 63, 70, 104, 109, 174, 185, 247, 253, 307, 313, 314, 320, 353, 376, 387, 408, 451, 464, 465, 501, 603, 625, 631, 679, 680, 690, 807, 811, 837, 842, 59, 66, 113, 123, 131, 162, 172, 216, 221, 222, 226, 277, 285, 315, 318, 332, 341, 368, 406, 461, 505, 512, 513, 517, 518, 543, 563, 572, 577, 582, 604, 628, 681, 684, 685, 691, 694, 704, 706, 711, 802, 808, 812, 838, 843, 844, 852, 876, 881, 889, 894, 931, 948, 956, 986, 53, 101, 110, 137, 157, 186, 189, 248, 249, 278, 290, 309, 310, 330, 347, 355, 377, 385, 390, 403, 452, 453, 466, 500, 544, 547, 551, 569, 594, 607, 626, 678, 803, 805, 809, 814, 815, 818, 821, 839, 850, 863, 871, 908, 936, 990, 82, 86, 97, 119, 127, 167, 176, 181, 206, 212, 242, 267, 272, 292, 297, 336, 343, 358, 363, 372, 395, 399, 422, 427, 432, 441, 458, 481, 497, 553, 560, 586, 590, 613, 621, 653, 659, 713, 719, 724, 791, 835, 860, 886, 899, 903, 912, 917, 921, 927, 939, 967, 973, 983];

Decomposition solution:
Meaning of solution vector: [P    30 [k=1 v=0] gets set {13}, P    50 [k=1 v=0] gets set {30}, P   480 [k=1 v=0] gets set {3}, P   680 [k=3 v=1] gets set {246}, P   680 [k=3 v=1] gets set {818}, P   688 [k=3 v=1] gets set {250}]
Probabilities and corresponding integer solution:
lambda_0 = 0.400350 and welfare = 11938.162091 and x_l = [1, 1, 1, 0, 1, 0]
lambda_1 = 0.099650 and welfare = 7499.158950 and x_l = [1, 1, 1, 1, 0, 1]
lambda_2 = 0.400350 and welfare = 3451.001619 and x_l = [0, 0, 0, 0, 0, 1]
lambda_8 = 0.099650 and welfare = 0.000000 and x_l = [0, 0, 0, 0, 0, 0]
lambda_else = 0
Using 4 out of 10 integer solutions.
Expected social welfare: 6908.340122
Objective value of primal LP: 1.000000


