Analysis results no. 20

Ellipsoid method stopped in iteration 1000 because reached N.
Ellipsoid parameters: cut=central; eps=0.000000; N=1000; R=2.645751.
Ellipsoid performance: runtime=5.895573 sec.; constraint-cuts=836.

First iteration in which primal was feasible: 44.
In total 10 integer solutions where found, whereas 4 where used by primal.

Solution quality:
Expected social welfare=6908.340122
Absolute deviation=4145.125539
Variance=19704558.549143
Standard deviation=4438.981702
Coefficient of variation=0.642554

Distribution of constraint cuts:
cons_cuts=[1, 2, 3, 4, 5, 6, 7, 8, 9, 10, 12, 14, 15, 17, 18, 20, 21, 23, 24, 25, 27, 28, 29, 31, 32, 34, 35, 36, 37, 39, 40, 41, 42, 44, 45, 46, 47, 49, 50, 51, 52, 54, 55, 56, 58, 59, 60, 61, 63, 64, 65, 67, 68, 69, 70, 72, 73, 74, 75, 77, 78, 79, 80, 81, 82, 84, 85, 86, 87, 88, 90, 91, 92, 93, 95, 96, 97, 98, 99, 101, 102, 103, 104, 105, 107, 108, 109, 110, 112, 113, 114, 115, 116, 118, 119, 120, 121, 123, 124, 125, 126, 128, 129, 130, 131, 133, 134, 135, 136, 137, 138, 140, 141, 142, 143, 144, 145, 146, 147, 149, 150, 151, 152, 153, 155, 156, 157, 158, 159, 161, 162, 163, 164, 165, 167, 168, 169, 170, 171, 173, 174, 175, 176, 178, 179, 180, 181, 183, 184, 185, 186, 188, 189, 190, 191, 192, 193, 195, 196, 197, 198, 200, 201, 202, 203, 205, 206, 207, 208, 210, 211, 212, 213, 214, 215, 217, 218, 219, 220, 221, 223, 224, 225, 226, 227, 228, 229, 231, 232, 233, 234, 235, 236, 237, 238, 240, 241, 242, 244, 245, 246, 247, 248, 249, 250, 252, 253, 254, 255, 256, 257, 259, 260, 261, 263, 264, 265, 266, 267, 269, 270, 271, 272, 274, 275, 276, 278, 279, 280, 282, 283, 284, 285, 287, 288, 289, 290, 291, 292, 293, 294, 295, 297, 298, 299, 300, 301, 302, 303, 304, 305, 306, 307, 309, 310, 311, 312, 313, 314, 315, 317, 318, 319, 320, 321, 322, 323, 325, 326, 327, 328, 330, 331, 332, 333, 334, 335, 337, 338, 339, 340, 341, 343, 344, 345, 347, 348, 349, 350, 352, 353, 354, 355, 356, 357, 359, 360, 361, 362, 363, 365, 366, 367, 368, 369, 371, 372, 373, 374, 375, 376, 377, 379, 380, 381, 382, 383, 385, 386, 387, 388, 389, 391, 392, 393, 394, 395, 397, 398, 399, 400, 401, 402, 403, 405, 406, 407, 408, 410, 411, 412, 413, 414, 416, 417, 418, 419, 421, 422, 423, 424, 425, 427, 428, 429, 430, 432, 433, 434, 435, 437, 438, 439, 441, 442, 443, 444, 445, 446, 448, 449, 450, 451, 452, 454, 455, 456, 457, 458, 460, 461, 462, 464, 465, 466, 467, 468, 470, 471, 472, 473, 474, 476, 477, 478, 479, 480, 481, 482, 483, 485, 486, 487, 488, 489, 490, 491, 492, 493, 495, 496, 497, 498, 499, 500, 502, 503, 504, 505, 506, 507, 508, 510, 511, 512, 513, 514, 515, 517, 518, 519, 521, 522, 523, 524, 526, 527, 528, 530, 531, 532, 533, 535, 536, 537, 539, 540, 541, 543, 544, 545, 547, 548, 549, 551, 552, 553, 554, 555, 556, 558, 559, 560, 561, 562, 563, 564, 565, 566, 567, 568, 569, 570, 572, 573, 574, 575, 576, 577, 578, 579, 580, 582, 583, 584, 585, 586, 587, 589, 590, 591, 592, 593, 594, 595, 596, 597, 599, 600, 601, 602, 604, 605, 606, 607, 608, 610, 611, 612, 613, 615, 616, 617, 618, 619, 620, 621, 623, 624, 625, 626, 627, 629, 630, 631, 632, 634, 635, 636, 638, 639, 640, 641, 642, 643, 644, 646, 647, 648, 650, 651, 652, 653, 654, 655, 656, 657, 658, 659, 661, 662, 663, 664, 665, 667, 668, 669, 670, 672, 673, 674, 675, 676, 678, 679, 680, 681, 683, 684, 685, 686, 687, 688, 689, 690, 691, 692, 694, 695, 696, 697, 698, 700, 701, 702, 704, 705, 706, 707, 708, 709, 710, 712, 713, 714, 715, 716, 717, 718, 720, 721, 722, 723, 724, 726, 727, 728, 729, 730, 732, 733, 734, 735, 736, 737, 739, 740, 741, 742, 743, 744, 746, 747, 748, 749, 750, 752, 753, 754, 755, 756, 758, 759, 760, 761, 763, 764, 765, 766, 767, 768, 769, 771, 772, 773, 774, 776, 777, 778, 780, 781, 782, 783, 784, 786, 787, 788, 789, 790, 791, 793, 794, 795, 796, 798, 799, 800, 801, 802, 804, 805, 806, 807, 808, 810, 811, 812, 813, 815, 816, 817, 818, 820, 821, 822, 823, 825, 826, 827, 828, 830, 831, 832, 833, 834, 836, 837, 838, 840, 841, 842, 844, 845, 846, 847, 848, 850, 851, 852, 853, 855, 856, 857, 858, 860, 861, 862, 863, 864, 866, 867, 868, 870, 871, 872, 873, 874, 875, 877, 878, 879, 880, 882, 883, 884, 885, 887, 888, 889, 890, 892, 893, 894, 895, 896, 897, 898, 899, 900, 901, 902, 903, 904, 905, 906, 907, 908, 909, 910, 912, 913, 914, 915, 916, 917, 918, 920, 921, 922, 924, 925, 926, 927, 928, 929, 930, 931, 932, 933, 934, 935, 936, 938, 939, 940, 941, 942, 943, 945, 946, 947, 948, 949, 950, 952, 953, 954, 955, 957, 958, 959, 960, 962, 963, 964, 965, 966, 968, 969, 970, 971, 972, 973, 975, 976, 977, 978, 979, 980, 981, 982, 984, 985, 986, 987, 988, 990, 991, 992, 993, 994, 996, 997, 998, 999, 1000];
Distribution of found integer solutions:
int_sols=[1, 2, 14, 23, 36, 44, 60, 70, 74, 84];
Distribution of found duplicates:
int_dupl=[3, 5, 7, 9, 12, 21, 28, 32, 37, 69, 77, 93, 98, 103, 110, 133, 151, 157, 214, 221, 223, 233, 235, 252, 289, 294, 299, 309, 317, 327, 354, 357, 376, 379, 386, 400, 421, 422, 445, 470, 476, 479, 481, 489, 498, 553, 558, 567, 569, 573, 575, 589, 591, 620, 623, 641, 646, 652, 653, 685, 686, 689, 713, 721, 730, 744, 746, 764, 766, 894, 897, 899, 900, 903, 904, 908, 910, 915, 924, 927, 932, 933, 943, 945, 975, 977, 981, 987, 993, 4, 6, 8, 10, 15, 18, 24, 27, 31, 45, 52, 56, 61, 64, 68, 73, 82, 92, 99, 104, 108, 116, 120, 124, 129, 135, 152, 156, 162, 173, 178, 181, 185, 200, 202, 208, 210, 219, 225, 240, 241, 256, 260, 267, 271, 275, 279, 283, 287, 306, 323, 330, 334, 344, 348, 352, 362, 363, 381, 385, 394, 399, 412, 414, 419, 427, 429, 434, 438, 439, 449, 457, 461, 465, 473, 474, 488, 502, 504, 517, 521, 526, 530, 533, 537, 541, 545, 549, 556, 574, 585, 602, 604, 612, 626, 629, 632, 636, 640, 648, 661, 670, 676, 692, 697, 701, 705, 715, 723, 727, 732, 743, 749, 758, 761, 769, 774, 778, 791, 796, 806, 815, 817, 826, 832, 836, 840, 844, 853, 858, 864, 868, 880, 884, 889, 893, 917, 921, 939, 950, 954, 960, 964, 980, 986, 992, 996, 17, 20, 25, 29, 34, 46, 51, 58, 59, 63, 67, 72, 81, 91, 97, 102, 107, 114, 118, 121, 128, 131, 150, 155, 159, 168, 176, 180, 184, 195, 201, 205, 206, 215, 218, 234, 237, 248, 257, 261, 266, 270, 274, 278, 282, 285, 311, 322, 326, 338, 343, 347, 350, 356, 369, 377, 383, 392, 405, 408, 413, 417, 424, 428, 432, 435, 444, 446, 456, 460, 464, 468, 480, 493, 497, 511, 518, 522, 524, 528, 532, 536, 540, 544, 548, 552, 568, 586, 600, 606, 611, 621, 627, 631, 635, 639, 644, 651, 665, 675, 688, 695, 698, 702, 712, 720, 724, 729, 740, 748, 756, 760, 765, 773, 777, 781, 795, 802, 808, 816, 818, 825, 831, 834, 838, 842, 848, 857, 863, 867, 879, 883, 888, 892, 914, 918, 922, 949, 952, 955, 963, 968, 982, 985, 991, 1000, 35, 39, 41, 50, 75, 79, 87, 95, 112, 137, 141, 143, 147, 167, 171, 189, 191, 196, 228, 231, 245, 250, 264, 292, 298, 303, 313, 315, 321, 333, 340, 355, 367, 372, 375, 391, 397, 407, 451, 454, 485, 487, 496, 506, 508, 513, 563, 566, 579, 582, 590, 594, 597, 608, 616, 618, 655, 657, 662, 668, 673, 680, 683, 707, 735, 742, 753, 768, 784, 787, 790, 800, 805, 811, 822, 830, 847, 852, 861, 872, 874, 878, 928, 931, 936, 942, 958, 969, 973, 999, 40, 42, 47, 54, 78, 85, 88, 113, 125, 136, 138, 142, 144, 164, 169, 174, 186, 190, 192, 197, 227, 229, 244, 246, 254, 265, 293, 300, 304, 312, 318, 331, 335, 339, 360, 366, 368, 373, 388, 393, 401, 410, 450, 455, 483, 490, 499, 505, 507, 512, 514, 560, 562, 564, 578, 580, 583, 593, 595, 599, 607, 613, 617, 656, 658, 663, 667, 672, 678, 681, 706, 734, 736, 752, 754, 771, 782, 786, 788, 793, 798, 801, 807, 812, 821, 827, 845, 850, 855, 860, 870, 873, 875, 885, 929, 935, 940, 947, 959, 965, 970, 997, 49, 55, 86, 105, 123, 126, 134, 140, 165, 170, 175, 188, 193, 198, 226, 242, 255, 332, 337, 361, 365, 371, 389, 395, 416, 500, 503, 515, 559, 561, 577, 584, 596, 605, 615, 664, 679, 733, 750, 755, 759, 772, 783, 789, 794, 799, 804, 813, 828, 846, 856, 866, 871, 887, 948, 962, 966, 994, 998, 65, 115, 119, 153, 179, 183, 203, 207, 217, 238, 259, 263, 269, 272, 276, 280, 284, 325, 341, 345, 349, 382, 406, 411, 425, 430, 433, 437, 448, 452, 458, 462, 472, 510, 519, 523, 527, 531, 535, 539, 543, 547, 551, 601, 610, 625, 630, 634, 638, 647, 659, 669, 674, 696, 700, 704, 726, 776, 780, 810, 820, 823, 833, 837, 841, 851, 862, 877, 882, 890, 916, 920, 938, 953, 957, 984, 90, 146, 213, 224, 247, 295, 305, 310, 403, 423, 443, 471, 477, 478, 482, 486, 555, 650, 687, 709, 718, 728, 739, 906, 909, 912, 913, 941, 80, 96, 101, 109, 130, 149, 158, 161, 212, 220, 232, 236, 253, 288, 291, 297, 302, 314, 320, 328, 353, 359, 374, 380, 387, 398, 418, 442, 466, 492, 495, 554, 565, 570, 572, 576, 587, 592, 619, 624, 642, 643, 654, 684, 690, 691, 710, 714, 722, 741, 747, 763, 767, 895, 896, 898, 901, 902, 905, 925, 926, 930, 934, 946, 971, 976, 978, 979, 988, 990, 145, 163, 211, 249, 290, 301, 307, 319, 402, 441, 467, 491, 694, 708, 716, 717, 737, 907, 972];

Decomposition solution:
Meaning of solution vector: [P    30 [k=1 v=0] gets set {13}, P    50 [k=1 v=0] gets set {30}, P   480 [k=1 v=0] gets set {3}, P   680 [k=3 v=1] gets set {246}, P   680 [k=3 v=1] gets set {818}, P   688 [k=3 v=1] gets set {250}]
Probabilities and corresponding integer solution:
lambda_0 = 0.099650 and welfare = 7499.158950 and x_l = [1, 1, 1, 1, 0, 1]
lambda_1 = 0.400350 and welfare = 11938.162091 and x_l = [1, 1, 1, 0, 1, 0]
lambda_2 = 0.400350 and welfare = 3451.001619 and x_l = [0, 0, 0, 0, 0, 1]
lambda_7 = 0.099650 and welfare = 0.000000 and x_l = [0, 0, 0, 0, 0, 0]
lambda_else = 0
Using 4 out of 10 integer solutions.
Expected social welfare: 6908.340122
Objective value of primal LP: 1.000000


