Analysis results no. 17

Ellipsoid method stopped in iteration 1000 because reached N.
Ellipsoid parameters: cut=central; eps=0.000000; N=1000; R=3.872983.
Ellipsoid performance: runtime=5.231916 sec.; constraint-cuts=890.

First iteration in which primal was feasible: 35.
In total 354 integer solutions where found, whereas 9 where used by primal.

Solution quality:
Expected social welfare=649.944460
Absolute deviation=323.507011
Variance=145145.455076
Standard deviation=380.979599
Coefficient of variation=0.586173

Distribution of constraint cuts:
cons_cuts=[4, 5, 7, 9, 11, 13, 15, 16, 18, 20, 21, 23, 24, 26, 27, 29, 30, 32, 33, 35, 36, 38, 39, 40, 42, 43, 44, 46, 47, 49, 50, 51, 52, 54, 55, 56, 58, 59, 60, 62, 63, 64, 65, 66, 68, 69, 70, 72, 73, 74, 75, 77, 78, 79, 80, 82, 83, 84, 85, 87, 88, 89, 90, 92, 93, 94, 95, 97, 98, 99, 101, 102, 103, 104, 106, 107, 108, 109, 111, 112, 113, 114, 115, 117, 118, 119, 120, 122, 123, 124, 125, 126, 128, 129, 130, 131, 132, 134, 135, 136, 137, 139, 140, 141, 142, 143, 145, 146, 147, 148, 149, 150, 151, 152, 153, 154, 156, 157, 158, 159, 160, 161, 162, 163, 164, 166, 167, 168, 169, 170, 171, 172, 174, 175, 176, 177, 178, 179, 181, 182, 183, 184, 185, 187, 188, 189, 190, 191, 192, 194, 195, 196, 197, 198, 199, 201, 202, 203, 204, 205, 206, 207, 209, 210, 211, 212, 213, 215, 216, 217, 218, 219, 221, 222, 223, 224, 225, 227, 228, 229, 230, 232, 233, 234, 235, 236, 238, 239, 240, 241, 242, 243, 244, 246, 247, 248, 249, 250, 251, 252, 254, 255, 256, 257, 258, 260, 261, 262, 263, 264, 265, 267, 268, 269, 270, 271, 272, 273, 274, 276, 277, 278, 279, 280, 281, 283, 284, 285, 286, 287, 288, 290, 291, 292, 293, 294, 295, 297, 298, 299, 300, 301, 303, 304, 305, 306, 307, 309, 310, 311, 312, 313, 314, 315, 317, 318, 319, 320, 321, 322, 324, 325, 326, 327, 328, 329, 331, 332, 333, 334, 335, 336, 337, 339, 340, 341, 342, 343, 344, 345, 346, 347, 348, 349, 350, 351, 352, 353, 354, 355, 356, 357, 358, 359, 360, 362, 363, 364, 365, 366, 367, 368, 369, 370, 371, 372, 373, 374, 376, 377, 378, 379, 380, 381, 382, 383, 384, 385, 386, 387, 389, 390, 391, 392, 393, 394, 395, 396, 397, 398, 399, 400, 401, 402, 403, 404, 405, 406, 407, 408, 409, 410, 411, 412, 413, 414, 415, 416, 417, 418, 419, 420, 421, 422, 423, 424, 425, 426, 427, 428, 429, 430, 431, 432, 433, 434, 435, 436, 437, 438, 439, 440, 441, 442, 444, 445, 446, 447, 448, 449, 450, 451, 452, 453, 454, 455, 456, 457, 458, 459, 460, 461, 462, 463, 464, 465, 466, 467, 468, 469, 470, 471, 472, 473, 474, 475, 476, 477, 478, 479, 480, 481, 482, 483, 484, 485, 486, 487, 488, 489, 491, 492, 493, 494, 495, 496, 497, 498, 499, 500, 501, 502, 503, 504, 505, 506, 507, 508, 509, 510, 511, 512, 513, 514, 515, 516, 517, 519, 520, 521, 522, 523, 524, 525, 526, 527, 528, 529, 530, 531, 532, 533, 535, 536, 537, 538, 539, 540, 541, 542, 543, 544, 545, 546, 547, 548, 549, 550, 551, 552, 554, 555, 556, 557, 558, 559, 560, 561, 562, 563, 564, 565, 566, 567, 568, 569, 571, 572, 573, 574, 575, 576, 577, 578, 579, 580, 581, 582, 584, 585, 586, 587, 588, 589, 590, 591, 592, 593, 594, 595, 597, 598, 599, 600, 601, 602, 603, 604, 605, 606, 607, 609, 610, 611, 612, 613, 614, 615, 616, 617, 618, 619, 620, 621, 622, 624, 625, 626, 627, 628, 629, 630, 631, 632, 633, 634, 635, 636, 637, 639, 640, 641, 642, 643, 644, 645, 646, 647, 648, 649, 650, 652, 653, 654, 655, 656, 657, 658, 659, 660, 661, 662, 663, 665, 666, 667, 668, 669, 670, 671, 672, 673, 674, 675, 676, 678, 679, 680, 681, 682, 683, 684, 685, 686, 687, 689, 690, 691, 692, 693, 694, 695, 696, 697, 698, 699, 700, 702, 703, 704, 705, 706, 707, 708, 709, 710, 711, 712, 714, 715, 716, 717, 718, 719, 720, 721, 722, 723, 725, 726, 727, 728, 729, 730, 731, 732, 734, 735, 736, 737, 738, 739, 740, 741, 742, 743, 744, 746, 747, 748, 749, 750, 751, 752, 753, 754, 755, 756, 758, 759, 760, 761, 762, 763, 764, 765, 766, 767, 768, 770, 771, 772, 773, 774, 775, 776, 777, 778, 779, 781, 782, 783, 784, 785, 786, 787, 788, 789, 790, 792, 793, 794, 795, 796, 797, 798, 799, 800, 801, 802, 804, 805, 806, 807, 808, 809, 810, 811, 812, 813, 815, 816, 817, 818, 819, 820, 821, 822, 823, 824, 825, 827, 828, 829, 830, 831, 832, 833, 834, 835, 837, 838, 839, 840, 841, 842, 843, 844, 845, 847, 848, 849, 850, 851, 852, 853, 854, 856, 857, 858, 859, 860, 861, 862, 863, 864, 865, 866, 868, 869, 870, 871, 872, 873, 874, 875, 876, 877, 878, 880, 881, 882, 883, 884, 885, 886, 887, 888, 889, 890, 892, 893, 894, 895, 896, 897, 898, 899, 900, 901, 903, 904, 905, 906, 907, 908, 909, 910, 911, 912, 913, 914, 916, 917, 918, 919, 920, 921, 922, 923, 924, 925, 926, 928, 929, 930, 931, 932, 933, 934, 935, 936, 937, 938, 940, 941, 942, 943, 944, 945, 946, 947, 948, 950, 951, 952, 953, 954, 955, 956, 957, 958, 960, 961, 962, 963, 964, 965, 966, 967, 968, 969, 971, 972, 973, 974, 975, 976, 977, 978, 980, 981, 982, 983, 984, 985, 986, 987, 988, 989, 990, 991, 993, 994, 995, 996, 997, 998, 999, 1000];
Distribution of found integer solutions:
int_sols=[4, 9, 16, 18, 21, 29, 35, 38, 43, 44, 49, 51, 56, 74, 113, 145, 146, 148, 149, 150, 151, 152, 170, 171, 175, 176, 184, 185, 194, 195, 196, 343, 344, 345, 347, 348, 349, 350, 355, 357, 358, 366, 367, 368, 369, 372, 381, 382, 383, 393, 395, 396, 397, 398, 399, 400, 401, 402, 403, 404, 405, 406, 410, 411, 412, 413, 414, 415, 416, 417, 419, 420, 421, 422, 423, 424, 425, 426, 428, 430, 431, 432, 438, 441, 442, 444, 445, 446, 447, 448, 449, 450, 455, 459, 460, 461, 462, 464, 466, 469, 470, 473, 474, 476, 478, 479, 480, 481, 482, 483, 484, 486, 487, 488, 489, 491, 492, 493, 495, 497, 498, 499, 500, 502, 503, 504, 505, 507, 508, 509, 510, 513, 514, 515, 517, 521, 522, 523, 524, 525, 526, 527, 528, 529, 531, 532, 535, 536, 537, 538, 539, 540, 543, 544, 545, 546, 549, 550, 551, 552, 554, 556, 557, 558, 559, 560, 561, 562, 563, 567, 569, 572, 584, 585, 586, 587, 590, 591, 599, 600, 603, 604, 606, 610, 612, 613, 614, 615, 616, 617, 618, 619, 620, 624, 625, 626, 629, 631, 632, 634, 636, 637, 639, 643, 650, 652, 653, 654, 655, 656, 661, 663, 665, 666, 667, 668, 669, 670, 671, 672, 674, 675, 676, 683, 684, 685, 686, 687, 689, 690, 691, 692, 693, 694, 695, 696, 698, 699, 704, 705, 706, 707, 709, 710, 712, 715, 716, 720, 721, 726, 731, 732, 734, 735, 736, 737, 738, 741, 743, 744, 746, 747, 748, 749, 750, 751, 752, 755, 756, 760, 761, 762, 764, 765, 766, 767, 768, 783, 786, 787, 790, 792, 795, 797, 798, 799, 800, 801, 802, 806, 810, 811, 813, 815, 816, 817, 818, 821, 822, 824, 827, 830, 831, 832, 833, 843, 844, 850, 852, 853, 854, 856, 865, 866, 870, 872, 873, 880, 883, 887, 890, 894, 895, 898, 899, 907, 910, 912, 913, 914, 918, 920, 923, 925, 929, 930, 931, 934, 944, 945, 955, 956, 961, 964, 965, 967, 975, 976, 988, 989, 990, 991, 997, 998];
Distribution of found duplicates:
int_dupl=[5, 7, 11, 13, 36, 39, 42, 46, 68, 102, 104, 187, 189, 216, 218, 230, 233, 326, 331, 592, 594, 15, 20, 23, 24, 27, 30, 33, 54, 59, 70, 132, 147, 319, 332, 63, 72, 111, 119, 122, 124, 240, 244, 295, 582, 52, 65, 80, 87, 89, 92, 134, 136, 314, 328, 26, 50, 83, 108, 115, 192, 210, 212, 221, 224, 227, 320, 322, 598, 32, 55, 60, 66, 131, 143, 318, 333, 394, 40, 47, 69, 84, 99, 103, 106, 117, 188, 190, 215, 217, 229, 232, 325, 329, 593, 595, 75, 78, 94, 97, 139, 141, 307, 310, 312, 996, 58, 112, 126, 129, 235, 236, 241, 246, 291, 293, 579, 82, 85, 101, 107, 114, 118, 191, 211, 213, 219, 225, 228, 321, 324, 597, 64, 79, 88, 90, 93, 135, 137, 313, 327, 995, 62, 73, 109, 120, 123, 125, 234, 239, 243, 247, 294, 581, 77, 95, 98, 140, 142, 306, 309, 311, 128, 130, 238, 242, 290, 292, 580, 153, 204, 262, 264, 267, 365, 157, 161, 166, 169, 174, 182, 272, 283, 829, 206, 250, 270, 317, 162, 167, 172, 284, 828, 154, 158, 160, 163, 168, 179, 183, 271, 280, 374, 156, 159, 164, 181, 281, 376, 197, 203, 263, 265, 268, 364, 178, 279, 337, 360, 386, 177, 278, 336, 341, 359, 385, 882, 274, 277, 334, 339, 342, 362, 387, 530, 881, 273, 276, 335, 340, 363, 389, 533, 202, 248, 256, 286, 300, 201, 209, 222, 249, 255, 260, 285, 288, 299, 304, 199, 207, 223, 252, 257, 261, 287, 297, 301, 305, 198, 254, 258, 298, 303, 205, 251, 269, 315, 346, 575, 351, 352, 770, 353, 384, 354, 356, 577, 578, 392, 933, 373, 377, 571, 573, 640, 370, 380, 391, 371, 379, 390, 576, 378, 574, 900, 566, 437, 520, 635, 427, 742, 682, 418, 465, 646, 407, 409, 633, 893, 408, 429, 433, 435, 452, 454, 861, 439, 516, 657, 463, 471, 511, 906, 644, 896, 477, 494, 588, 984, 673, 812, 659, 911, 468, 547, 467, 548, 909, 823, 859, 921, 436, 475, 542, 805, 451, 645, 862, 897, 649, 541, 648, 804, 434, 453, 440, 658, 630, 642, 679, 501, 611, 864, 622, 456, 892, 457, 627, 458, 628, 739, 889, 869, 496, 877, 825, 506, 954, 960, 472, 905, 512, 647, 519, 605, 904, 589, 922, 717, 722, 728, 662, 781, 926, 485, 819, 820, 809, 808, 886, 885, 555, 602, 876, 718, 725, 729, 871, 878, 564, 565, 568, 660, 782, 678, 700, 936, 938, 947, 950, 703, 935, 940, 942, 951, 796, 966, 982, 868, 621, 884, 924, 753, 754, 758, 759, 601, 794, 793, 763, 785, 901, 641, 711, 714, 609, 772, 607, 771, 903, 863, 774, 776, 773, 775, 777, 778, 919, 740, 697, 842, 851, 680, 681, 779, 928, 702, 932, 937, 946, 948, 875, 874, 980, 981, 841, 858, 977, 857, 978, 941, 943, 952, 708, 788, 916, 789, 917, 719, 723, 727, 730, 908, 974, 973, 807, 987, 888, 784, 985, 993, 994, 983, 953, 962, 963, 860, 835, 847, 834, 839, 845, 837, 840, 848, 838, 849, 986, 957, 972, 958, 971, 969, 968, 999, 1000];

Decomposition solution:
Meaning of solution vector: [P    17 [k=1 v=0] gets set {5}, P    63 [k=1 v=0] gets set {18}, P   181 [k=1 v=0] gets set {2}, P   240 [k=1 v=0] gets set {11}, P   248 [k=1 v=0] gets set {8}, P   317 [k=1 v=0] gets set {11}, P   516 [k=1 v=0] gets set {3}, P   517 [k=1 v=0] gets set {6}, P   538 [k=1 v=0] gets set {12}, P   581 [k=1 v=0] gets set {4}, P   586 [k=1 v=0] gets set {2}, P   657 [k=1 v=0] gets set {5}, P   878 [k=1 v=0] gets set {1}, P   909 [k=1 v=0] gets set {16}]
Probabilities and corresponding integer solution:
lambda_77 = 0.083333 and welfare = 235.181379 and x_l = [0, 0, 0, 0, 0, 0, 0, 1, 1, 0, 0, 0, 0, 0]
lambda_106 = 0.027778 and welfare = 187.226877 and x_l = [0, 0, 0, 0, 0, 0, 0, 1, 0, 0, 1, 1, 1, 0]
lambda_159 = 0.083333 and welfare = 240.314849 and x_l = [0, 0, 0, 0, 0, 0, 0, 1, 0, 1, 1, 1, 1, 0]
lambda_210 = 0.111111 and welfare = 1016.207808 and x_l = [1, 0, 1, 1, 1, 1, 1, 0, 1, 1, 0, 1, 1, 1]
lambda_231 = 0.111111 and welfare = 575.001368 and x_l = [1, 0, 1, 1, 1, 0, 0, 0, 1, 1, 1, 0, 0, 0]
lambda_250 = 0.111111 and welfare = 281.940925 and x_l = [0, 0, 0, 0, 0, 0, 0, 1, 0, 0, 0, 0, 0, 1]
lambda_277 = 0.083333 and welfare = 649.975329 and x_l = [1, 0, 1, 1, 1, 0, 0, 0, 0, 0, 1, 1, 1, 1]
lambda_283 = 0.194444 and welfare = 1272.513060 and x_l = [1, 1, 1, 1, 1, 1, 1, 0, 1, 1, 1, 1, 1, 1]
lambda_286 = 0.194444 and welfare = 490.595313 and x_l = [0, 1, 0, 0, 0, 1, 1, 1, 0, 0, 0, 0, 0, 0]
lambda_else = 0
Using 9 out of 354 integer solutions.
Expected social welfare: 649.944460
Objective value of primal LP: 1.000000


