Analysis results no. 14

Ellipsoid method stopped in iteration 1000 because reached N.
Ellipsoid parameters: cut=deep; eps=0.000000; N=1000; R=3.872983.
Ellipsoid performance: runtime=5.389712 sec.; constraint-cuts=793.

First iteration in which primal was feasible: 6.
In total 67 integer solutions where found, whereas 9 where used by primal.

Solution quality:
Expected social welfare=649.944460
Absolute deviation=409.601786
Variance=235156.189116
Standard deviation=484.929056
Coefficient of variation=0.746108

Distribution of constraint cuts:
cons_cuts=[2, 4, 6, 9, 11, 13, 16, 18, 20, 22, 24, 26, 28, 30, 32, 34, 36, 38, 40, 42, 44, 46, 47, 49, 50, 52, 54, 55, 57, 58, 60, 62, 63, 64, 65, 66, 68, 69, 70, 72, 73, 74, 76, 77, 79, 80, 81, 83, 84, 86, 87, 89, 90, 92, 93, 95, 96, 98, 99, 101, 102, 104, 105, 106, 108, 109, 110, 112, 113, 115, 116, 118, 119, 121, 122, 123, 125, 126, 128, 129, 131, 132, 133, 135, 136, 138, 139, 141, 142, 143, 145, 146, 148, 149, 151, 152, 153, 155, 156, 158, 159, 161, 162, 164, 165, 166, 168, 169, 171, 172, 173, 175, 176, 178, 179, 181, 182, 184, 185, 186, 188, 189, 191, 192, 193, 195, 196, 198, 199, 200, 202, 203, 205, 206, 208, 209, 210, 212, 213, 215, 216, 218, 219, 221, 222, 223, 225, 226, 228, 229, 230, 232, 233, 235, 236, 237, 239, 240, 242, 243, 245, 246, 248, 249, 250, 252, 253, 254, 256, 257, 259, 260, 262, 263, 264, 266, 267, 269, 270, 272, 273, 274, 276, 277, 279, 280, 282, 283, 284, 286, 287, 289, 290, 291, 293, 294, 296, 297, 299, 300, 301, 303, 304, 306, 307, 308, 310, 311, 313, 314, 316, 317, 318, 320, 321, 323, 324, 326, 327, 329, 330, 332, 333, 334, 336, 337, 339, 340, 342, 343, 345, 346, 347, 349, 350, 351, 353, 354, 356, 357, 359, 360, 361, 363, 364, 366, 367, 368, 370, 371, 372, 373, 374, 375, 376, 377, 378, 379, 380, 381, 382, 383, 384, 385, 386, 387, 388, 389, 390, 391, 392, 393, 394, 395, 396, 397, 398, 399, 400, 401, 402, 403, 404, 405, 406, 407, 408, 409, 410, 411, 412, 413, 414, 415, 416, 417, 418, 419, 421, 422, 423, 424, 425, 426, 427, 428, 430, 431, 432, 433, 434, 436, 437, 438, 439, 441, 442, 443, 445, 446, 447, 449, 450, 451, 453, 454, 455, 457, 458, 459, 461, 462, 463, 465, 466, 467, 469, 470, 471, 473, 474, 475, 477, 478, 479, 481, 482, 483, 485, 486, 487, 489, 490, 491, 493, 494, 496, 497, 498, 500, 501, 502, 504, 505, 506, 508, 509, 510, 512, 513, 514, 516, 517, 518, 520, 521, 522, 524, 525, 527, 528, 529, 531, 532, 533, 535, 536, 537, 539, 540, 541, 543, 544, 545, 547, 548, 549, 551, 552, 553, 555, 556, 558, 559, 560, 561, 563, 564, 566, 567, 568, 570, 571, 572, 574, 575, 576, 578, 579, 580, 582, 583, 584, 586, 587, 588, 590, 591, 593, 594, 595, 597, 598, 600, 601, 602, 604, 605, 606, 607, 608, 609, 610, 611, 612, 613, 614, 615, 616, 617, 618, 619, 620, 621, 622, 623, 624, 625, 626, 627, 628, 629, 630, 631, 632, 633, 634, 635, 636, 637, 638, 639, 640, 641, 642, 643, 644, 645, 646, 647, 648, 649, 650, 651, 652, 653, 654, 655, 656, 657, 658, 659, 660, 661, 662, 663, 664, 665, 666, 667, 668, 669, 670, 671, 672, 673, 674, 675, 676, 677, 679, 680, 681, 682, 683, 684, 685, 686, 687, 689, 690, 691, 692, 693, 695, 696, 697, 698, 699, 701, 702, 703, 705, 706, 707, 708, 710, 711, 712, 713, 715, 716, 717, 719, 720, 721, 722, 724, 725, 726, 728, 729, 730, 732, 733, 734, 735, 737, 738, 739, 740, 742, 743, 744, 746, 747, 748, 750, 751, 752, 754, 755, 756, 758, 759, 760, 761, 763, 764, 765, 767, 768, 769, 771, 772, 773, 774, 776, 777, 778, 779, 781, 782, 783, 785, 786, 787, 789, 790, 792, 793, 794, 795, 797, 798, 799, 800, 802, 803, 804, 806, 807, 808, 809, 811, 812, 813, 815, 816, 817, 818, 820, 821, 822, 824, 825, 826, 827, 829, 830, 831, 833, 834, 835, 837, 838, 839, 840, 842, 843, 844, 846, 847, 848, 849, 851, 852, 853, 855, 856, 857, 859, 860, 861, 862, 863, 864, 865, 866, 867, 868, 869, 870, 871, 872, 873, 874, 875, 876, 877, 878, 879, 880, 881, 882, 883, 884, 885, 886, 887, 888, 889, 890, 891, 892, 893, 894, 895, 896, 897, 898, 899, 900, 901, 902, 903, 904, 905, 906, 907, 908, 909, 910, 911, 912, 913, 914, 915, 916, 917, 918, 919, 920, 921, 922, 923, 924, 925, 926, 927, 928, 929, 930, 931, 932, 933, 934, 935, 936, 937, 938, 939, 940, 941, 942, 943, 944, 945, 946, 947, 948, 949, 950, 951, 952, 953, 954, 955, 956, 957, 958, 959, 960, 961, 962, 963, 964, 965, 966, 967, 968, 969, 970, 971, 972, 973, 974, 975, 976, 977, 978, 979, 980, 981, 982, 983, 984, 985, 986, 987, 988, 989, 990, 991, 992, 993, 994, 995, 996, 997, 998, 999, 1000];
Distribution of found integer solutions:
int_sols=[2, 4, 6, 11, 16, 22, 47, 62, 63, 64, 65, 66, 73, 80, 96, 370, 371, 392, 395, 410, 411, 414, 416, 417, 419, 422, 433, 434, 443, 489, 494, 605, 606, 651, 652, 668, 671, 672, 674, 675, 676, 677, 680, 681, 684, 685, 686, 691, 692, 693, 698, 699, 703, 705, 728, 730, 750, 776, 777, 811, 812, 842, 862, 863, 937, 938, 994];
Distribution of found duplicates:
int_dupl=[9, 24, 28, 38, 42, 49, 106, 112, 115, 132, 152, 155, 178, 181, 198, 209, 212, 229, 257, 260, 274, 289, 300, 306, 317, 320, 337, 340, 469, 471, 474, 522, 570, 602, 765, 783, 857, 26, 36, 40, 44, 113, 151, 153, 176, 179, 210, 213, 259, 273, 318, 336, 339, 470, 473, 504, 548, 601, 782, 13, 20, 34, 46, 83, 121, 143, 149, 175, 186, 203, 215, 252, 266, 283, 332, 334, 505, 547, 578, 600, 732, 773, 789, 18, 32, 52, 84, 108, 145, 205, 253, 264, 267, 284, 313, 333, 478, 559, 579, 772, 787, 790, 30, 50, 55, 58, 104, 109, 146, 169, 172, 206, 230, 249, 254, 269, 286, 297, 314, 326, 329, 463, 479, 487, 544, 583, 806, 813, 860, 54, 60, 105, 110, 131, 168, 196, 208, 228, 248, 256, 287, 299, 304, 316, 324, 486, 521, 540, 571, 584, 604, 764, 802, 807, 861, 57, 119, 142, 148, 171, 173, 185, 202, 232, 250, 282, 296, 327, 330, 465, 545, 859, 74, 92, 122, 125, 138, 159, 162, 188, 216, 222, 239, 279, 303, 323, 349, 351, 367, 485, 520, 556, 572, 798, 68, 70, 81, 129, 135, 166, 192, 195, 226, 243, 246, 293, 345, 513, 563, 77, 89, 236, 363, 525, 761, 76, 87, 93, 118, 126, 141, 164, 184, 200, 223, 235, 280, 290, 301, 307, 321, 342, 361, 364, 458, 475, 518, 524, 576, 738, 69, 72, 86, 95, 128, 139, 165, 193, 225, 245, 270, 291, 311, 343, 360, 366, 457, 477, 517, 561, 580, 79, 90, 123, 136, 158, 161, 189, 221, 237, 240, 263, 277, 347, 350, 353, 368, 483, 491, 712, 760, 98, 101, 116, 133, 156, 182, 191, 199, 219, 233, 242, 262, 276, 294, 308, 346, 354, 357, 482, 493, 514, 551, 711, 99, 102, 218, 272, 310, 356, 359, 481, 516, 552, 582, 768, 815, 372, 374, 376, 378, 380, 382, 384, 386, 388, 390, 396, 402, 404, 412, 430, 442, 502, 566, 373, 375, 377, 379, 381, 383, 385, 387, 389, 391, 393, 399, 407, 415, 424, 436, 449, 496, 533, 539, 586, 394, 398, 400, 406, 408, 418, 427, 439, 453, 455, 529, 595, 598, 824, 397, 401, 403, 405, 409, 462, 490, 509, 543, 733, 774, 421, 432, 466, 508, 560, 568, 724, 413, 553, 725, 785, 445, 527, 532, 587, 590, 795, 821, 423, 425, 437, 450, 461, 497, 537, 593, 734, 747, 818, 837, 426, 438, 451, 498, 536, 574, 594, 735, 825, 838, 428, 431, 441, 467, 512, 564, 567, 459, 588, 591, 748, 820, 446, 506, 447, 510, 541, 555, 771, 786, 454, 501, 528, 531, 558, 597, 797, 822, 549, 781, 500, 535, 575, 737, 607, 609, 611, 613, 615, 617, 619, 621, 623, 625, 627, 629, 631, 633, 635, 637, 639, 641, 643, 645, 647, 649, 653, 655, 657, 659, 661, 665, 713, 808, 608, 610, 612, 614, 616, 618, 620, 622, 624, 626, 628, 630, 632, 634, 636, 638, 640, 642, 644, 646, 648, 650, 664, 670, 743, 746, 663, 667, 669, 673, 849, 654, 656, 658, 660, 662, 666, 702, 740, 695, 759, 800, 853, 682, 706, 708, 769, 793, 816, 831, 683, 817, 833, 835, 679, 717, 754, 767, 726, 755, 697, 715, 756, 843, 716, 752, 844, 696, 719, 799, 851, 834, 687, 690, 840, 689, 739, 826, 839, 729, 779, 855, 720, 722, 804, 848, 721, 758, 763, 803, 852, 701, 751, 792, 846, 742, 744, 707, 710, 794, 778, 809, 856, 847, 827, 830, 829, 864, 866, 868, 870, 872, 874, 876, 878, 880, 882, 884, 886, 888, 890, 892, 894, 896, 898, 900, 902, 904, 906, 908, 910, 912, 914, 916, 918, 920, 922, 924, 926, 928, 930, 932, 934, 936, 865, 867, 869, 871, 873, 875, 877, 879, 881, 883, 885, 887, 889, 891, 893, 895, 897, 899, 901, 903, 905, 907, 909, 911, 913, 915, 917, 919, 921, 923, 925, 927, 929, 931, 933, 935, 939, 941, 943, 945, 947, 949, 951, 953, 955, 957, 959, 961, 963, 965, 967, 969, 971, 973, 975, 977, 979, 981, 983, 985, 987, 989, 991, 993, 995, 997, 999, 940, 942, 944, 946, 948, 950, 952, 954, 956, 958, 960, 962, 964, 966, 968, 970, 972, 974, 976, 978, 980, 982, 984, 986, 988, 990, 992, 996, 998, 1000];

Decomposition solution:
Meaning of solution vector: [P    17 [k=1 v=0] gets set {5}, P    63 [k=1 v=0] gets set {18}, P   181 [k=1 v=0] gets set {2}, P   240 [k=1 v=0] gets set {11}, P   248 [k=1 v=0] gets set {8}, P   317 [k=1 v=0] gets set {11}, P   516 [k=1 v=0] gets set {3}, P   517 [k=1 v=0] gets set {6}, P   538 [k=1 v=0] gets set {12}, P   581 [k=1 v=0] gets set {4}, P   586 [k=1 v=0] gets set {2}, P   657 [k=1 v=0] gets set {5}, P   878 [k=1 v=0] gets set {1}, P   909 [k=1 v=0] gets set {16}]
Probabilities and corresponding integer solution:
lambda_5 = 0.226852 and welfare = 0.000000 and x_l = [0, 0, 0, 0, 0, 0, 0, 0, 0, 0, 0, 0, 0, 0]
lambda_20 = 0.032407 and welfare = 284.626454 and x_l = [0, 0, 0, 0, 0, 0, 0, 0, 0, 1, 1, 0, 0, 1]
lambda_28 = 0.032407 and welfare = 162.151383 and x_l = [0, 0, 0, 0, 0, 0, 0, 0, 0, 1, 1, 1, 1, 0]
lambda_40 = 0.032407 and welfare = 237.866908 and x_l = [0, 0, 0, 0, 0, 0, 0, 0, 1, 1, 1, 0, 0, 0]
lambda_44 = 0.208333 and welfare = 680.034539 and x_l = [1, 0, 1, 1, 1, 1, 1, 1, 0, 1, 1, 0, 0, 0]
lambda_45 = 0.078704 and welfare = 442.097758 and x_l = [0, 0, 0, 0, 0, 0, 0, 0, 1, 0, 0, 1, 1, 1]
lambda_62 = 0.194444 and welfare = 1297.588554 and x_l = [1, 1, 1, 1, 1, 1, 1, 1, 1, 0, 1, 1, 1, 1]
lambda_64 = 0.097222 and welfare = 1244.752037 and x_l = [1, 1, 1, 1, 1, 1, 1, 0, 1, 1, 0, 1, 1, 1]
lambda_65 = 0.097222 and welfare = 801.893427 and x_l = [0, 1, 0, 0, 0, 0, 0, 1, 1, 1, 0, 1, 1, 1]
lambda_else = 0
Using 9 out of 67 integer solutions.
Expected social welfare: 649.944460
Objective value of primal LP: 1.000000


