Analysis results no. 9

Ellipsoid method stopped in iteration 1000 because reached N.
Ellipsoid parameters: cut=deep; eps=0.000000; N=1000; R=3.872983.
Ellipsoid performance: runtime=5.240319 sec.; constraint-cuts=847.

First iteration in which primal was feasible: 11.
In total 310 integer solutions where found, whereas 10 where used by primal.

Solution quality:
Expected social welfare=649.944460
Absolute deviation=215.376911
Variance=69030.833293
Standard deviation=262.737194
Coefficient of variation=0.404246

Distribution of constraint cuts:
cons_cuts=[2, 4, 6, 7, 9, 11, 12, 14, 16, 17, 19, 20, 22, 23, 25, 26, 28, 29, 31, 32, 34, 35, 37, 38, 40, 41, 43, 44, 45, 46, 48, 49, 50, 52, 53, 54, 56, 57, 58, 60, 61, 62, 64, 65, 67, 68, 69, 71, 72, 74, 75, 77, 78, 79, 81, 82, 83, 85, 86, 87, 89, 90, 91, 93, 94, 95, 96, 97, 98, 99, 100, 101, 103, 104, 105, 106, 107, 109, 110, 111, 112, 114, 115, 116, 117, 119, 120, 121, 123, 124, 125, 127, 128, 129, 131, 132, 133, 135, 136, 137, 138, 140, 141, 142, 143, 145, 146, 147, 149, 150, 151, 153, 154, 155, 157, 158, 159, 161, 162, 163, 164, 165, 166, 167, 168, 169, 170, 171, 172, 173, 174, 175, 177, 178, 179, 180, 181, 182, 184, 185, 186, 187, 188, 190, 191, 192, 193, 195, 196, 197, 198, 200, 201, 202, 203, 205, 206, 207, 208, 210, 211, 212, 213, 215, 216, 217, 218, 220, 221, 222, 223, 225, 226, 227, 229, 230, 231, 232, 234, 235, 236, 237, 238, 239, 240, 241, 242, 243, 244, 245, 246, 247, 249, 250, 251, 252, 253, 254, 255, 256, 257, 258, 259, 260, 261, 262, 263, 264, 265, 266, 267, 268, 269, 270, 271, 272, 273, 274, 275, 276, 278, 279, 280, 281, 282, 283, 284, 285, 286, 287, 289, 290, 291, 292, 293, 294, 295, 296, 298, 299, 300, 301, 302, 303, 305, 306, 307, 308, 309, 310, 312, 313, 314, 315, 316, 318, 319, 320, 321, 322, 324, 325, 326, 327, 328, 330, 331, 332, 333, 335, 336, 337, 338, 339, 340, 342, 343, 344, 345, 346, 348, 349, 350, 351, 352, 354, 355, 356, 357, 358, 360, 361, 362, 363, 364, 366, 367, 368, 369, 370, 372, 373, 374, 375, 376, 378, 379, 380, 381, 383, 384, 385, 386, 387, 389, 390, 391, 392, 393, 395, 396, 397, 398, 399, 400, 402, 403, 404, 405, 406, 408, 409, 410, 411, 412, 414, 415, 416, 417, 418, 420, 421, 422, 423, 424, 426, 427, 428, 429, 430, 432, 433, 434, 435, 436, 438, 439, 440, 441, 442, 444, 445, 446, 447, 448, 450, 451, 452, 453, 454, 456, 457, 458, 459, 460, 462, 463, 464, 465, 466, 468, 469, 470, 471, 473, 474, 475, 476, 477, 479, 480, 481, 482, 484, 485, 486, 487, 488, 490, 491, 492, 493, 494, 496, 497, 498, 499, 500, 502, 503, 504, 505, 506, 508, 509, 510, 511, 512, 514, 515, 516, 517, 518, 520, 521, 522, 523, 524, 526, 527, 528, 529, 530, 532, 533, 534, 535, 536, 538, 539, 540, 541, 542, 544, 545, 546, 547, 549, 550, 551, 552, 553, 555, 556, 557, 558, 559, 561, 562, 563, 564, 565, 567, 568, 569, 570, 572, 573, 574, 575, 576, 578, 579, 580, 581, 582, 584, 585, 586, 587, 588, 590, 591, 592, 593, 594, 596, 597, 598, 599, 600, 602, 603, 604, 605, 607, 608, 609, 610, 611, 613, 614, 615, 616, 617, 619, 620, 621, 622, 623, 625, 626, 627, 628, 629, 631, 632, 633, 634, 636, 637, 638, 639, 640, 642, 643, 644, 645, 647, 648, 649, 650, 652, 653, 654, 656, 657, 658, 659, 660, 662, 663, 664, 665, 667, 668, 669, 670, 671, 672, 674, 675, 676, 677, 678, 680, 681, 682, 683, 684, 685, 687, 688, 689, 690, 691, 693, 694, 695, 696, 697, 699, 700, 701, 702, 703, 704, 705, 706, 707, 708, 709, 710, 711, 712, 713, 714, 715, 716, 717, 718, 719, 720, 721, 722, 723, 724, 725, 726, 727, 728, 729, 730, 731, 732, 733, 734, 735, 736, 737, 738, 739, 740, 741, 742, 743, 744, 745, 746, 747, 748, 749, 750, 751, 752, 753, 754, 755, 756, 757, 758, 759, 760, 761, 762, 763, 764, 765, 766, 768, 769, 770, 771, 772, 773, 774, 775, 777, 778, 779, 780, 781, 782, 783, 785, 786, 787, 788, 789, 790, 792, 793, 794, 795, 796, 797, 799, 800, 801, 802, 803, 805, 806, 807, 808, 809, 811, 812, 813, 814, 815, 816, 818, 819, 820, 821, 822, 824, 825, 826, 827, 828, 830, 831, 832, 833, 834, 836, 837, 838, 839, 840, 841, 843, 844, 845, 846, 847, 849, 850, 851, 852, 853, 854, 856, 857, 858, 859, 860, 861, 863, 864, 865, 866, 867, 868, 870, 871, 872, 873, 874, 876, 877, 878, 879, 880, 882, 883, 884, 885, 886, 887, 889, 890, 891, 892, 893, 895, 896, 897, 898, 899, 901, 902, 903, 904, 905, 906, 908, 909, 910, 911, 912, 913, 915, 916, 917, 918, 919, 921, 922, 923, 924, 925, 927, 928, 929, 930, 931, 933, 934, 935, 936, 937, 938, 939, 940, 941, 942, 943, 944, 945, 946, 947, 948, 949, 950, 951, 952, 953, 954, 955, 956, 957, 958, 959, 960, 961, 962, 963, 964, 965, 966, 967, 968, 969, 970, 971, 972, 973, 974, 975, 976, 977, 978, 979, 980, 981, 982, 983, 984, 985, 986, 987, 988, 989, 990, 991, 992, 993, 994, 995, 996, 997, 998, 999, 1000];
Distribution of found integer solutions:
int_sols=[2, 4, 6, 7, 11, 19, 28, 43, 44, 45, 49, 52, 56, 61, 62, 93, 94, 96, 98, 99, 101, 103, 106, 120, 121, 141, 142, 143, 145, 154, 161, 162, 164, 165, 166, 168, 169, 170, 175, 178, 179, 184, 186, 187, 188, 193, 195, 196, 197, 201, 203, 205, 206, 210, 211, 215, 237, 238, 241, 242, 243, 244, 246, 247, 250, 254, 255, 256, 257, 258, 259, 260, 262, 263, 264, 265, 266, 268, 269, 270, 271, 272, 274, 276, 278, 279, 280, 281, 282, 283, 284, 285, 287, 290, 291, 292, 293, 295, 307, 310, 313, 314, 316, 318, 319, 320, 327, 328, 335, 336, 337, 340, 343, 345, 346, 349, 350, 351, 352, 356, 360, 361, 362, 363, 366, 367, 368, 370, 375, 376, 383, 384, 385, 386, 389, 390, 392, 393, 397, 405, 406, 410, 415, 416, 417, 418, 420, 421, 422, 423, 424, 426, 427, 428, 430, 433, 434, 436, 442, 444, 446, 447, 448, 453, 457, 464, 465, 466, 468, 469, 474, 477, 492, 493, 500, 502, 505, 509, 511, 516, 521, 526, 530, 533, 555, 561, 562, 574, 579, 585, 591, 592, 604, 615, 625, 642, 644, 659, 663, 670, 680, 683, 684, 687, 689, 691, 699, 700, 739, 740, 746, 747, 748, 750, 751, 752, 753, 754, 755, 756, 757, 758, 759, 760, 761, 762, 763, 764, 765, 766, 768, 769, 770, 774, 775, 777, 778, 779, 780, 781, 782, 783, 785, 786, 787, 789, 790, 792, 793, 794, 795, 796, 797, 799, 800, 801, 802, 805, 806, 807, 811, 814, 815, 816, 818, 819, 820, 825, 830, 831, 843, 847, 851, 852, 853, 854, 857, 858, 861, 863, 864, 865, 866, 868, 874, 879, 882, 891, 892, 893, 897, 902, 905, 910, 912, 913, 916, 917, 918, 919, 923, 924, 925, 929, 930, 934, 935, 936, 937, 938];
Distribution of found duplicates:
int_dupl=[12, 14, 29, 35, 77, 82, 124, 231, 609, 901, 20, 23, 26, 37, 85, 87, 403, 607, 31, 78, 131, 133, 404, 9, 17, 32, 41, 79, 132, 550, 16, 34, 40, 81, 212, 339, 656, 890, 22, 25, 38, 86, 89, 157, 344, 514, 928, 83, 354, 402, 608, 50, 53, 69, 72, 207, 46, 60, 65, 545, 599, 48, 58, 64, 91, 129, 460, 544, 598, 649, 57, 90, 125, 128, 459, 527, 650, 653, 54, 68, 71, 74, 135, 236, 127, 652, 654, 67, 75, 136, 155, 456, 672, 95, 97, 109, 140, 564, 100, 112, 115, 117, 480, 105, 123, 107, 110, 138, 159, 230, 685, 104, 111, 158, 348, 355, 114, 116, 119, 479, 481, 681, 908, 220, 137, 150, 213, 494, 536, 208, 399, 482, 909, 147, 151, 636, 149, 153, 235, 398, 146, 845, 906, 221, 163, 171, 180, 182, 522, 524, 508, 603, 838, 177, 216, 880, 167, 229, 412, 640, 174, 222, 605, 850, 173, 200, 911, 172, 181, 198, 523, 409, 506, 185, 202, 217, 547, 232, 551, 338, 190, 192, 223, 497, 638, 645, 191, 225, 498, 369, 411, 496, 600, 639, 358, 484, 486, 643, 218, 234, 889, 637, 695, 452, 576, 227, 565, 887, 226, 387, 694, 582, 357, 485, 611, 451, 546, 671, 239, 846, 240, 476, 667, 867, 669, 245, 326, 593, 253, 512, 249, 251, 273, 541, 252, 275, 462, 665, 693, 261, 267, 614, 296, 587, 298, 333, 441, 586, 877, 301, 438, 503, 822, 302, 305, 373, 904, 303, 372, 374, 573, 504, 294, 538, 322, 330, 332, 613, 321, 331, 664, 299, 440, 510, 395, 658, 312, 342, 499, 540, 396, 534, 883, 584, 308, 552, 325, 289, 306, 445, 286, 324, 378, 380, 379, 381, 898, 315, 309, 620, 841, 300, 439, 532, 876, 849, 617, 458, 568, 570, 884, 837, 557, 668, 619, 435, 575, 400, 623, 515, 696, 588, 542, 688, 364, 871, 408, 549, 821, 491, 629, 490, 602, 628, 610, 634, 597, 859, 660, 450, 454, 463, 556, 675, 677, 596, 414, 391, 594, 878, 553, 682, 626, 475, 520, 648, 429, 432, 839, 931, 832, 529, 528, 647, 517, 833, 581, 933, 518, 697, 834, 471, 590, 622, 473, 616, 840, 539, 559, 558, 567, 569, 488, 676, 487, 657, 470, 674, 678, 922, 535, 903, 572, 578, 580, 860, 631, 633, 563, 690, 872, 885, 627, 621, 632, 899, 662, 873, 701, 703, 705, 707, 709, 711, 713, 715, 717, 719, 721, 723, 725, 727, 729, 731, 733, 735, 737, 702, 704, 706, 708, 710, 712, 714, 716, 718, 720, 722, 724, 726, 728, 730, 732, 734, 736, 738, 741, 743, 745, 749, 742, 744, 915, 870, 927, 809, 812, 771, 772, 773, 808, 788, 824, 826, 828, 886, 803, 813, 844, 827, 836, 856, 921, 895, 896, 939, 943, 947, 951, 955, 959, 963, 967, 971, 975, 979, 983, 987, 991, 995, 999, 940, 944, 948, 952, 956, 960, 964, 968, 972, 976, 980, 984, 988, 992, 996, 1000, 941, 945, 949, 953, 957, 962, 966, 970, 974, 978, 982, 986, 990, 994, 998, 942, 946, 950, 954, 958, 961, 965, 969, 973, 977, 981, 985, 989, 993, 997];

Decomposition solution:
Meaning of solution vector: [P    17 [k=1 v=0] gets set {5}, P    63 [k=1 v=0] gets set {18}, P   181 [k=1 v=0] gets set {2}, P   240 [k=1 v=0] gets set {11}, P   248 [k=1 v=0] gets set {8}, P   317 [k=1 v=0] gets set {11}, P   516 [k=1 v=0] gets set {3}, P   517 [k=1 v=0] gets set {6}, P   538 [k=1 v=0] gets set {12}, P   581 [k=1 v=0] gets set {4}, P   586 [k=1 v=0] gets set {2}, P   657 [k=1 v=0] gets set {5}, P   878 [k=1 v=0] gets set {1}, P   909 [k=1 v=0] gets set {16}]
Probabilities and corresponding integer solution:
lambda_21 = 0.296296 and welfare = 309.393225 and x_l = [0, 1, 0, 0, 0, 0, 0, 0, 0, 1, 1, 0, 0, 0]
lambda_38 = 0.098765 and welfare = 599.185543 and x_l = [1, 0, 1, 1, 1, 1, 1, 1, 0, 0, 0, 0, 0, 0]
lambda_64 = 0.003086 and welfare = 431.144056 and x_l = [0, 0, 0, 0, 0, 0, 0, 1, 0, 1, 1, 1, 0, 1]
lambda_81 = 0.098765 and welfare = 737.747788 and x_l = [1, 0, 1, 1, 1, 1, 1, 0, 0, 0, 0, 0, 1, 1]
lambda_123 = 0.003086 and welfare = 294.889177 and x_l = [0, 0, 0, 0, 0, 0, 0, 1, 0, 0, 0, 0, 1, 1]
lambda_166 = 0.104938 and welfare = 840.191372 and x_l = [1, 0, 1, 1, 1, 1, 1, 0, 1, 1, 1, 1, 1, 0]
lambda_206 = 0.092593 and welfare = 1166.788910 and x_l = [1, 1, 1, 1, 1, 0, 0, 1, 1, 1, 1, 1, 1, 1]
lambda_210 = 0.197531 and welfare = 704.148842 and x_l = [0, 0, 0, 0, 0, 1, 1, 1, 1, 0, 0, 1, 1, 1]
lambda_256 = 0.003086 and welfare = 869.890545 and x_l = [1, 0, 1, 1, 1, 0, 0, 1, 1, 1, 1, 0, 1, 1]
lambda_261 = 0.101852 and welfare = 844.447432 and x_l = [1, 0, 1, 1, 1, 0, 0, 1, 1, 0, 0, 1, 0, 1]
lambda_else = 0
Using 10 out of 310 integer solutions.
Expected social welfare: 649.944460
Objective value of primal LP: 1.000000


