Analysis results no. 20

Ellipsoid method stopped in iteration 1000 because reached N.
Ellipsoid parameters: cut=central; eps=0.000000; N=1000; R=3.872983.
Ellipsoid performance: runtime=7.094476 sec.; constraint-cuts=890.

First iteration in which primal was feasible: 62.
In total 216 integer solutions where found, whereas 7 where used by primal.

Solution quality:
Expected social welfare=649.944460
Absolute deviation=257.015034
Variance=85550.630234
Standard deviation=292.490393
Coefficient of variation=0.450024

Distribution of constraint cuts:
cons_cuts=[1, 2, 3, 4, 5, 6, 7, 8, 9, 10, 11, 12, 13, 14, 15, 16, 17, 18, 19, 20, 21, 22, 23, 24, 25, 26, 27, 28, 29, 30, 31, 32, 33, 34, 35, 37, 39, 40, 42, 43, 45, 46, 47, 49, 50, 51, 53, 54, 55, 57, 58, 59, 61, 62, 63, 64, 66, 67, 68, 69, 71, 72, 73, 74, 76, 77, 78, 79, 81, 82, 83, 84, 85, 87, 88, 89, 90, 92, 93, 94, 95, 96, 98, 99, 100, 101, 102, 104, 105, 106, 107, 109, 110, 111, 112, 113, 115, 116, 117, 118, 119, 121, 122, 123, 124, 125, 127, 128, 129, 130, 132, 133, 134, 135, 137, 138, 139, 140, 141, 142, 144, 145, 146, 147, 148, 149, 150, 152, 153, 154, 155, 156, 157, 158, 160, 161, 162, 163, 164, 165, 166, 168, 169, 170, 171, 172, 173, 175, 176, 177, 178, 179, 180, 182, 183, 184, 185, 186, 187, 188, 190, 191, 192, 193, 194, 196, 197, 198, 199, 200, 202, 203, 204, 205, 206, 208, 209, 210, 211, 213, 214, 215, 216, 217, 219, 220, 221, 222, 223, 224, 225, 226, 227, 229, 230, 231, 232, 233, 234, 235, 237, 238, 239, 240, 241, 242, 243, 244, 246, 247, 248, 249, 250, 251, 252, 253, 255, 256, 257, 258, 259, 260, 261, 262, 264, 265, 266, 267, 268, 269, 270, 272, 273, 274, 275, 276, 277, 278, 279, 281, 282, 283, 284, 285, 286, 287, 288, 289, 291, 292, 293, 294, 295, 296, 297, 298, 300, 301, 302, 303, 304, 305, 306, 307, 309, 310, 311, 312, 313, 314, 315, 317, 318, 319, 320, 321, 322, 323, 325, 326, 327, 328, 329, 330, 331, 332, 334, 335, 336, 337, 338, 339, 340, 341, 343, 344, 345, 346, 347, 348, 349, 350, 352, 353, 354, 355, 356, 357, 358, 359, 361, 362, 363, 364, 365, 366, 367, 368, 370, 371, 372, 373, 374, 375, 376, 377, 379, 380, 381, 382, 383, 384, 385, 386, 388, 389, 390, 391, 392, 393, 394, 395, 397, 398, 399, 400, 401, 402, 403, 404, 406, 407, 408, 409, 410, 411, 412, 413, 415, 416, 417, 418, 419, 420, 421, 423, 424, 425, 426, 427, 428, 429, 430, 432, 433, 434, 435, 436, 437, 438, 439, 441, 442, 443, 444, 445, 446, 447, 448, 450, 451, 452, 453, 454, 455, 456, 457, 459, 460, 461, 462, 463, 464, 465, 466, 468, 469, 470, 471, 472, 473, 474, 475, 477, 478, 479, 480, 481, 482, 483, 484, 486, 487, 488, 489, 490, 491, 492, 493, 495, 496, 497, 498, 499, 500, 501, 502, 504, 505, 506, 507, 508, 509, 510, 511, 513, 514, 515, 516, 517, 518, 519, 520, 522, 523, 524, 525, 526, 527, 528, 529, 531, 532, 533, 534, 535, 536, 537, 538, 540, 541, 542, 543, 544, 545, 546, 548, 549, 550, 551, 552, 553, 554, 555, 557, 558, 559, 560, 561, 562, 564, 565, 566, 567, 568, 569, 570, 571, 573, 574, 575, 576, 577, 578, 579, 580, 582, 583, 584, 585, 586, 587, 588, 589, 590, 592, 593, 594, 595, 596, 597, 598, 599, 600, 602, 603, 604, 605, 606, 607, 608, 610, 611, 612, 613, 614, 615, 616, 617, 618, 619, 621, 622, 623, 624, 625, 626, 627, 628, 630, 631, 632, 633, 634, 635, 636, 637, 639, 640, 641, 642, 643, 644, 645, 647, 648, 649, 650, 651, 652, 653, 654, 656, 657, 658, 659, 660, 661, 662, 663, 665, 666, 667, 668, 669, 670, 671, 672, 673, 675, 676, 677, 678, 679, 680, 681, 682, 684, 685, 686, 687, 688, 689, 690, 691, 692, 693, 694, 695, 696, 697, 698, 699, 700, 701, 702, 703, 704, 705, 706, 707, 708, 709, 710, 711, 712, 713, 714, 715, 716, 717, 718, 719, 720, 721, 722, 723, 724, 725, 726, 727, 728, 729, 730, 731, 732, 733, 734, 735, 736, 737, 739, 740, 741, 742, 743, 744, 745, 746, 747, 748, 749, 750, 751, 752, 753, 754, 755, 756, 757, 758, 759, 760, 762, 763, 764, 765, 766, 767, 768, 769, 770, 771, 772, 773, 774, 775, 777, 778, 779, 780, 781, 782, 783, 784, 785, 786, 788, 789, 790, 791, 792, 793, 794, 795, 796, 798, 799, 800, 801, 802, 803, 804, 805, 806, 807, 809, 810, 811, 812, 813, 814, 815, 816, 817, 819, 820, 821, 822, 823, 824, 825, 826, 827, 828, 829, 831, 832, 833, 834, 835, 836, 837, 838, 839, 840, 841, 843, 844, 845, 846, 847, 848, 849, 850, 851, 853, 854, 855, 856, 857, 858, 859, 860, 861, 863, 864, 865, 866, 867, 868, 869, 870, 871, 872, 874, 875, 876, 877, 878, 879, 880, 881, 882, 884, 885, 886, 887, 888, 889, 890, 891, 892, 894, 895, 896, 897, 898, 899, 900, 901, 903, 904, 905, 906, 907, 908, 909, 910, 911, 913, 914, 915, 916, 917, 918, 919, 920, 921, 923, 924, 925, 926, 927, 928, 929, 930, 932, 933, 934, 935, 936, 937, 938, 939, 940, 942, 943, 944, 945, 946, 947, 948, 949, 950, 951, 953, 954, 955, 956, 957, 958, 959, 960, 961, 962, 964, 965, 966, 967, 968, 969, 970, 971, 972, 974, 975, 976, 977, 978, 979, 980, 981, 983, 984, 985, 986, 987, 988, 989, 990, 991, 993, 994, 995, 996, 997, 998, 999, 1000];
Distribution of found integer solutions:
int_sols=[1, 35, 37, 39, 40, 42, 46, 49, 50, 51, 53, 54, 55, 57, 58, 61, 62, 63, 68, 69, 78, 79, 81, 82, 87, 89, 92, 93, 96, 104, 105, 106, 107, 117, 118, 119, 121, 123, 128, 139, 140, 141, 142, 144, 145, 146, 147, 148, 149, 150, 152, 153, 155, 156, 157, 158, 160, 161, 162, 163, 164, 165, 166, 170, 171, 172, 175, 177, 178, 185, 186, 187, 191, 192, 198, 199, 200, 217, 219, 220, 223, 225, 226, 227, 235, 240, 250, 253, 256, 260, 265, 266, 269, 278, 279, 281, 301, 302, 320, 326, 327, 338, 344, 345, 346, 352, 357, 359, 377, 380, 390, 407, 408, 423, 433, 452, 474, 490, 491, 580, 639, 660, 680, 688, 689, 691, 693, 694, 695, 696, 697, 698, 700, 701, 702, 703, 706, 707, 708, 710, 711, 712, 713, 714, 715, 716, 718, 719, 720, 721, 722, 723, 724, 725, 726, 727, 730, 732, 734, 739, 741, 748, 755, 756, 757, 758, 768, 771, 777, 779, 780, 781, 782, 789, 790, 791, 798, 799, 801, 813, 814, 815, 819, 823, 824, 829, 834, 835, 838, 839, 849, 866, 869, 870, 874, 878, 879, 880, 881, 882, 889, 890, 896, 911, 913, 916, 917, 928, 929, 932, 933, 946, 978, 979, 987, 997];
Distribution of found duplicates:
int_dupl=[2, 3, 4, 5, 6, 7, 8, 9, 10, 11, 12, 13, 14, 15, 16, 17, 18, 19, 20, 21, 22, 23, 24, 25, 26, 27, 28, 29, 30, 31, 32, 33, 34, 197, 209, 211, 339, 393, 622, 627, 817, 950, 196, 208, 210, 213, 340, 394, 621, 628, 816, 949, 45, 232, 234, 406, 480, 786, 792, 43, 90, 124, 129, 230, 239, 325, 341, 395, 546, 615, 682, 999, 376, 388, 469, 599, 947, 47, 98, 102, 112, 317, 421, 493, 956, 972, 337, 550, 675, 677, 88, 389, 425, 456, 255, 399, 514, 542, 544, 59, 85, 110, 127, 903, 640, 642, 645, 959, 64, 67, 334, 224, 289, 996, 95, 100, 286, 77, 138, 190, 298, 373, 429, 522, 626, 886, 72, 74, 130, 133, 135, 297, 368, 371, 427, 519, 525, 616, 649, 71, 73, 76, 132, 134, 137, 188, 296, 370, 372, 428, 520, 524, 617, 648, 885, 66, 332, 94, 99, 285, 400, 624, 176, 258, 391, 472, 567, 573, 83, 292, 294, 84, 122, 336, 367, 471, 154, 293, 295, 356, 109, 125, 904, 457, 173, 283, 478, 488, 570, 575, 222, 401, 623, 101, 111, 282, 318, 420, 492, 957, 971, 113, 180, 248, 495, 509, 511, 552, 637, 833, 115, 179, 215, 508, 510, 832, 116, 275, 434, 437, 585, 618, 827, 910, 381, 383, 436, 455, 583, 685, 435, 586, 619, 828, 909, 566, 335, 366, 470, 229, 343, 397, 548, 614, 231, 323, 681, 998, 300, 374, 430, 523, 625, 412, 900, 901, 184, 241, 304, 364, 447, 593, 634, 864, 247, 303, 865, 168, 502, 654, 953, 169, 501, 656, 951, 439, 442, 603, 657, 438, 441, 658, 314, 321, 415, 417, 589, 322, 413, 416, 315, 418, 587, 590, 419, 588, 355, 475, 242, 313, 402, 268, 312, 403, 506, 305, 307, 331, 760, 306, 309, 330, 661, 759, 182, 496, 551, 636, 183, 216, 257, 459, 532, 541, 558, 562, 460, 531, 559, 564, 243, 270, 273, 518, 966, 976, 244, 517, 582, 965, 974, 977, 445, 498, 500, 446, 497, 499, 284, 477, 489, 569, 574, 577, 259, 392, 473, 568, 571, 576, 347, 349, 353, 526, 534, 537, 672, 841, 844, 350, 535, 670, 673, 845, 365, 448, 592, 635, 863, 202, 384, 409, 464, 466, 596, 385, 410, 463, 465, 597, 193, 203, 205, 631, 194, 204, 206, 214, 630, 233, 262, 267, 310, 507, 632, 246, 264, 311, 633, 261, 276, 375, 386, 468, 598, 948, 221, 668, 867, 990, 432, 666, 669, 868, 989, 291, 453, 487, 687, 853, 238, 516, 783, 795, 944, 991, 237, 515, 651, 784, 794, 943, 993, 404, 479, 650, 785, 793, 249, 251, 252, 462, 398, 461, 513, 543, 545, 358, 540, 554, 557, 560, 825, 277, 424, 644, 961, 362, 483, 600, 606, 363, 602, 605, 272, 274, 287, 443, 604, 610, 653, 994, 288, 444, 611, 652, 995, 319, 968, 970, 411, 899, 898, 967, 969, 328, 578, 737, 763, 329, 579, 662, 736, 762, 379, 451, 528, 549, 676, 678, 613, 659, 955, 981, 361, 612, 954, 962, 983, 348, 354, 527, 533, 538, 840, 843, 536, 671, 846, 553, 555, 561, 826, 964, 984, 450, 529, 679, 382, 454, 584, 684, 986, 426, 985, 481, 484, 595, 607, 858, 482, 594, 608, 859, 643, 960, 667, 486, 686, 851, 504, 565, 665, 940, 505, 663, 942, 975, 641, 647, 958, 980, 733, 906, 690, 692, 735, 884, 699, 919, 925, 788, 934, 930, 802, 810, 717, 729, 769, 772, 774, 807, 811, 704, 705, 749, 800, 805, 938, 709, 740, 746, 750, 754, 803, 937, 745, 753, 804, 936, 778, 876, 764, 767, 875, 743, 751, 770, 855, 742, 744, 752, 854, 872, 871, 728, 773, 775, 809, 821, 837, 731, 822, 836, 850, 860, 820, 861, 765, 766, 905, 796, 897, 918, 921, 926, 747, 856, 857, 831, 1000, 847, 945, 848, 812, 877, 907, 915, 914, 988, 935, 887, 892, 888, 891, 806, 939, 924, 923, 908, 894, 895, 920, 927];

Decomposition solution:
Meaning of solution vector: [P    17 [k=1 v=0] gets set {5}, P    63 [k=1 v=0] gets set {18}, P   181 [k=1 v=0] gets set {2}, P   240 [k=1 v=0] gets set {11}, P   248 [k=1 v=0] gets set {8}, P   317 [k=1 v=0] gets set {11}, P   516 [k=1 v=0] gets set {3}, P   517 [k=1 v=0] gets set {6}, P   538 [k=1 v=0] gets set {12}, P   581 [k=1 v=0] gets set {4}, P   586 [k=1 v=0] gets set {2}, P   657 [k=1 v=0] gets set {5}, P   878 [k=1 v=0] gets set {1}, P   909 [k=1 v=0] gets set {16}]
Probabilities and corresponding integer solution:
lambda_24 = 0.077778 and welfare = 827.729773 and x_l = [1, 1, 1, 1, 1, 1, 1, 1, 0, 0, 0, 0, 0, 0]
lambda_101 = 0.077778 and welfare = 53.087973 and x_l = [0, 0, 0, 0, 0, 0, 0, 0, 0, 1, 0, 0, 0, 0]
lambda_124 = 0.233333 and welfare = 829.654450 and x_l = [0, 1, 0, 0, 0, 0, 0, 1, 1, 1, 1, 1, 1, 1]
lambda_145 = 0.077778 and welfare = 790.275582 and x_l = [1, 1, 1, 1, 1, 1, 1, 0, 0, 0, 1, 0, 1, 0]
lambda_152 = 0.188889 and welfare = 240.314849 and x_l = [0, 0, 0, 0, 0, 0, 0, 1, 0, 1, 1, 1, 1, 0]
lambda_173 = 0.077778 and welfare = 589.376212 and x_l = [1, 0, 1, 1, 1, 1, 1, 0, 0, 0, 0, 1, 0, 0]
lambda_190 = 0.266667 and welfare = 881.817448 and x_l = [1, 0, 1, 1, 1, 1, 1, 0, 1, 0, 0, 0, 0, 1]
lambda_else = 0
Using 7 out of 216 integer solutions.
Expected social welfare: 649.944460
Objective value of primal LP: 1.000000


