Analysis results no. 25

Ellipsoid method stopped in iteration 1000 because reached N.
Ellipsoid parameters: cut=central; eps=0.000000; N=1000; R=3.872983.
Ellipsoid performance: runtime=4.880733 sec.; constraint-cuts=895.

First iteration in which primal was feasible: 70.
In total 370 integer solutions where found, whereas 4 where used by primal.

Solution quality:
Expected social welfare=649.944460
Absolute deviation=139.774436
Variance=20816.367756
Standard deviation=144.278785
Coefficient of variation=0.221986

Distribution of constraint cuts:
cons_cuts=[1, 2, 3, 4, 5, 6, 7, 8, 9, 10, 11, 12, 13, 14, 15, 16, 17, 18, 19, 20, 21, 22, 23, 25, 26, 28, 29, 31, 32, 33, 35, 36, 38, 39, 40, 42, 43, 45, 46, 47, 49, 50, 51, 53, 54, 55, 56, 58, 59, 60, 61, 63, 64, 65, 66, 68, 69, 70, 71, 73, 74, 75, 77, 78, 79, 80, 81, 83, 84, 85, 86, 88, 89, 90, 91, 92, 94, 95, 96, 97, 98, 100, 101, 102, 103, 104, 106, 107, 108, 109, 110, 111, 113, 114, 115, 116, 117, 119, 120, 121, 122, 124, 125, 126, 127, 128, 130, 131, 132, 133, 134, 135, 137, 138, 139, 140, 141, 142, 143, 145, 146, 147, 148, 149, 150, 151, 152, 154, 155, 156, 157, 158, 159, 160, 162, 163, 164, 165, 166, 167, 168, 170, 171, 172, 173, 174, 175, 176, 178, 179, 180, 181, 182, 183, 184, 185, 187, 188, 189, 190, 191, 192, 194, 195, 196, 197, 198, 199, 200, 201, 203, 204, 205, 206, 207, 208, 209, 210, 212, 213, 214, 215, 216, 217, 218, 220, 221, 222, 223, 224, 225, 226, 228, 229, 230, 231, 232, 233, 234, 236, 237, 238, 239, 240, 241, 243, 244, 245, 246, 247, 248, 249, 250, 252, 253, 254, 255, 256, 257, 258, 259, 261, 262, 263, 264, 265, 266, 267, 269, 270, 271, 272, 273, 274, 275, 276, 278, 279, 280, 281, 282, 283, 284, 285, 286, 287, 289, 290, 291, 292, 293, 294, 295, 296, 297, 299, 300, 301, 302, 303, 304, 305, 306, 308, 309, 310, 311, 312, 313, 314, 315, 317, 318, 319, 320, 321, 322, 323, 324, 325, 327, 328, 329, 330, 331, 332, 333, 334, 335, 337, 338, 339, 340, 341, 342, 343, 345, 346, 347, 348, 349, 350, 351, 352, 353, 355, 356, 357, 358, 359, 360, 361, 362, 363, 364, 366, 367, 368, 369, 370, 371, 372, 373, 375, 376, 377, 378, 379, 380, 381, 382, 383, 384, 386, 387, 388, 389, 390, 391, 392, 393, 395, 396, 397, 398, 399, 400, 401, 402, 403, 404, 406, 407, 408, 409, 410, 411, 412, 414, 415, 416, 417, 418, 419, 421, 422, 423, 424, 425, 426, 427, 428, 429, 431, 432, 433, 434, 435, 436, 437, 438, 439, 440, 442, 443, 444, 445, 446, 447, 448, 449, 450, 452, 453, 454, 455, 456, 457, 458, 459, 460, 461, 463, 464, 465, 466, 467, 468, 469, 470, 471, 473, 474, 475, 476, 477, 478, 479, 480, 482, 483, 484, 485, 486, 488, 489, 490, 491, 492, 493, 494, 495, 496, 497, 499, 500, 501, 502, 503, 504, 505, 506, 507, 509, 510, 511, 512, 513, 514, 515, 516, 518, 519, 520, 521, 522, 523, 524, 525, 526, 527, 528, 530, 531, 532, 533, 534, 535, 536, 537, 538, 540, 541, 542, 543, 544, 545, 546, 547, 548, 549, 550, 552, 553, 554, 555, 556, 557, 558, 559, 560, 561, 562, 563, 564, 565, 566, 567, 568, 569, 570, 571, 572, 573, 574, 575, 576, 577, 578, 579, 580, 581, 582, 583, 584, 585, 586, 587, 588, 589, 590, 591, 593, 594, 595, 596, 597, 598, 599, 600, 601, 602, 603, 604, 605, 606, 607, 608, 609, 610, 611, 613, 614, 615, 616, 617, 618, 619, 620, 621, 622, 623, 624, 625, 626, 628, 629, 630, 631, 632, 633, 634, 635, 636, 637, 638, 639, 641, 642, 643, 644, 645, 646, 647, 648, 649, 650, 651, 653, 654, 655, 656, 657, 658, 659, 660, 661, 662, 664, 665, 666, 667, 668, 669, 670, 671, 673, 674, 675, 676, 677, 678, 679, 680, 681, 682, 684, 685, 686, 687, 688, 689, 690, 691, 692, 693, 694, 696, 697, 698, 699, 700, 701, 702, 703, 704, 705, 707, 708, 709, 710, 711, 712, 713, 714, 715, 716, 717, 719, 720, 721, 722, 723, 724, 725, 726, 727, 729, 730, 731, 732, 733, 734, 735, 736, 737, 738, 740, 741, 742, 743, 744, 745, 746, 747, 748, 749, 751, 752, 753, 754, 755, 756, 757, 758, 759, 760, 761, 762, 764, 765, 766, 767, 768, 769, 770, 771, 772, 773, 774, 776, 777, 778, 779, 780, 781, 782, 783, 784, 785, 786, 788, 789, 790, 791, 792, 793, 794, 795, 796, 798, 799, 800, 801, 802, 803, 804, 805, 806, 807, 809, 810, 811, 812, 813, 814, 815, 816, 817, 818, 819, 821, 822, 823, 824, 825, 826, 827, 828, 829, 830, 832, 833, 834, 835, 836, 837, 838, 839, 841, 842, 843, 844, 845, 846, 847, 848, 849, 851, 852, 853, 854, 855, 856, 857, 858, 859, 860, 861, 863, 864, 865, 866, 867, 868, 869, 870, 871, 873, 874, 875, 876, 877, 878, 879, 880, 881, 882, 883, 885, 886, 887, 888, 889, 890, 891, 892, 893, 894, 896, 897, 898, 899, 900, 901, 902, 903, 904, 905, 907, 908, 909, 910, 911, 912, 913, 914, 915, 917, 918, 919, 920, 921, 922, 923, 924, 925, 926, 927, 928, 930, 931, 932, 933, 934, 935, 936, 937, 938, 939, 941, 942, 943, 944, 945, 946, 947, 948, 949, 950, 952, 953, 954, 955, 956, 957, 958, 959, 960, 961, 962, 964, 965, 966, 967, 968, 969, 970, 971, 972, 973, 975, 976, 977, 978, 979, 980, 981, 982, 983, 984, 986, 987, 988, 989, 990, 991, 992, 993, 994, 995, 997, 998, 999, 1000];
Distribution of found integer solutions:
int_sols=[1, 29, 31, 35, 36, 39, 43, 45, 47, 49, 50, 51, 53, 55, 56, 58, 59, 64, 65, 66, 68, 69, 70, 73, 74, 77, 79, 80, 81, 83, 84, 92, 94, 95, 96, 97, 101, 103, 104, 106, 107, 108, 109, 110, 111, 113, 114, 115, 116, 124, 125, 127, 130, 131, 133, 135, 137, 138, 140, 141, 142, 143, 146, 147, 148, 149, 150, 151, 152, 156, 157, 158, 159, 160, 162, 163, 166, 170, 171, 173, 174, 175, 179, 180, 181, 182, 185, 187, 188, 189, 190, 191, 194, 195, 196, 198, 201, 203, 206, 207, 208, 210, 212, 214, 215, 220, 221, 222, 223, 224, 225, 226, 228, 229, 234, 238, 239, 243, 244, 247, 248, 249, 252, 253, 254, 255, 256, 257, 258, 259, 265, 270, 271, 276, 279, 281, 282, 284, 285, 286, 287, 289, 295, 299, 300, 301, 302, 305, 308, 312, 313, 314, 317, 318, 321, 322, 323, 329, 332, 348, 349, 350, 351, 355, 357, 363, 364, 368, 369, 372, 373, 377, 382, 384, 387, 389, 396, 400, 431, 432, 433, 453, 454, 459, 461, 463, 464, 471, 493, 494, 495, 496, 504, 507, 509, 518, 519, 528, 530, 536, 537, 545, 555, 556, 557, 558, 559, 560, 561, 562, 563, 564, 565, 566, 567, 568, 569, 570, 571, 572, 573, 574, 575, 576, 577, 580, 582, 583, 584, 585, 586, 587, 588, 591, 593, 594, 595, 599, 603, 606, 610, 611, 613, 614, 615, 616, 620, 621, 622, 624, 625, 626, 628, 629, 630, 631, 632, 634, 635, 636, 637, 641, 642, 660, 661, 662, 664, 669, 674, 675, 680, 681, 682, 684, 689, 690, 691, 693, 694, 700, 701, 703, 704, 707, 708, 710, 713, 714, 715, 719, 724, 725, 729, 730, 744, 745, 746, 747, 752, 754, 755, 759, 760, 774, 777, 778, 781, 782, 785, 786, 790, 791, 792, 793, 794, 795, 801, 802, 807, 809, 824, 832, 833, 836, 837, 845, 846, 851, 853, 857, 863, 864, 868, 874, 875, 885, 886, 892, 893, 894, 896, 897, 909, 910, 920, 921, 927, 928, 931, 932, 933, 936, 942, 943, 946, 948, 949, 956, 957, 958, 966, 967, 979, 980, 988, 989, 994, 995, 997, 999];
Distribution of found duplicates:
int_dupl=[2, 3, 4, 5, 6, 7, 8, 9, 10, 11, 12, 13, 14, 15, 16, 17, 18, 19, 20, 21, 22, 23, 25, 26, 28, 32, 33, 531, 938, 40, 649, 947, 38, 42, 46, 278, 492, 935, 85, 88, 502, 54, 134, 379, 183, 216, 75, 735, 737, 132, 521, 527, 922, 60, 489, 817, 821, 873, 126, 128, 280, 327, 525, 63, 378, 449, 685, 827, 830, 61, 266, 117, 120, 122, 71, 154, 267, 456, 961, 155, 269, 455, 78, 90, 100, 446, 86, 89, 503, 736, 738, 962, 91, 490, 686, 828, 275, 338, 342, 741, 102, 552, 658, 667, 973, 98, 550, 653, 665, 972, 465, 178, 360, 176, 356, 359, 762, 651, 666, 447, 659, 668, 438, 505, 515, 397, 437, 506, 512, 514, 811, 549, 548, 540, 139, 541, 773, 145, 192, 452, 184, 119, 121, 532, 877, 309, 876, 861, 520, 923, 380, 526, 399, 406, 408, 410, 417, 419, 783, 407, 409, 418, 421, 544, 772, 264, 439, 467, 263, 440, 466, 771, 813, 172, 770, 812, 450, 303, 375, 422, 425, 304, 376, 423, 796, 934, 395, 798, 273, 458, 478, 483, 272, 457, 460, 473, 477, 482, 486, 429, 765, 428, 764, 164, 167, 779, 978, 165, 352, 168, 780, 977, 353, 250, 814, 924, 981, 346, 769, 347, 768, 533, 678, 534, 679, 213, 209, 388, 543, 217, 390, 983, 197, 199, 510, 501, 200, 345, 860, 204, 343, 205, 315, 306, 392, 218, 391, 984, 381, 398, 236, 386, 901, 908, 237, 241, 246, 749, 240, 245, 733, 230, 232, 734, 231, 233, 383, 907, 325, 524, 748, 328, 522, 283, 330, 333, 335, 339, 742, 274, 331, 337, 341, 740, 743, 815, 925, 982, 261, 469, 262, 468, 766, 767, 491, 937, 366, 761, 844, 290, 292, 436, 445, 890, 535, 434, 294, 296, 442, 888, 291, 293, 435, 444, 889, 297, 443, 887, 311, 310, 424, 858, 393, 320, 547, 883, 903, 319, 546, 882, 902, 554, 899, 904, 553, 898, 905, 324, 371, 650, 370, 523, 334, 340, 799, 800, 427, 497, 656, 426, 499, 657, 358, 361, 803, 362, 804, 367, 843, 964, 965, 643, 644, 448, 816, 822, 829, 871, 500, 900, 542, 401, 403, 412, 415, 402, 404, 411, 414, 416, 784, 854, 859, 855, 470, 474, 476, 479, 484, 488, 655, 671, 654, 673, 475, 480, 485, 975, 976, 516, 511, 513, 810, 677, 538, 676, 619, 971, 753, 953, 579, 633, 758, 597, 604, 607, 645, 648, 723, 596, 602, 605, 609, 647, 722, 727, 692, 806, 590, 589, 578, 581, 954, 914, 819, 913, 601, 911, 969, 600, 818, 912, 968, 852, 776, 598, 826, 623, 825, 608, 726, 646, 1000, 617, 702, 705, 711, 856, 915, 618, 917, 698, 919, 987, 992, 699, 918, 986, 993, 823, 952, 638, 639, 959, 960, 757, 670, 926, 688, 687, 697, 998, 696, 805, 990, 991, 709, 849, 939, 712, 716, 720, 879, 717, 880, 721, 878, 881, 732, 731, 751, 756, 788, 789, 950, 930, 834, 839, 848, 835, 838, 847, 841, 842, 955, 867, 869, 865, 866, 870, 941, 891, 970, 944, 945];

Decomposition solution:
Meaning of solution vector: [P    17 [k=1 v=0] gets set {5}, P    63 [k=1 v=0] gets set {18}, P   181 [k=1 v=0] gets set {2}, P   240 [k=1 v=0] gets set {11}, P   248 [k=1 v=0] gets set {8}, P   317 [k=1 v=0] gets set {11}, P   516 [k=1 v=0] gets set {3}, P   517 [k=1 v=0] gets set {6}, P   538 [k=1 v=0] gets set {12}, P   581 [k=1 v=0] gets set {4}, P   586 [k=1 v=0] gets set {2}, P   657 [k=1 v=0] gets set {5}, P   878 [k=1 v=0] gets set {1}, P   909 [k=1 v=0] gets set {16}]
Probabilities and corresponding integer solution:
lambda_234 = 0.388889 and welfare = 829.654450 and x_l = [0, 1, 0, 0, 0, 0, 0, 1, 1, 1, 1, 1, 1, 1]
lambda_237 = 0.388889 and welfare = 521.022077 and x_l = [1, 0, 1, 1, 1, 1, 1, 0, 0, 0, 0, 0, 0, 0]
lambda_247 = 0.111111 and welfare = 574.110049 and x_l = [1, 0, 1, 1, 1, 1, 1, 0, 0, 1, 0, 0, 0, 0]
lambda_279 = 0.111111 and welfare = 548.022248 and x_l = [0, 0, 0, 0, 0, 0, 0, 1, 1, 0, 1, 1, 1, 1]
lambda_else = 0
Using 4 out of 370 integer solutions.
Expected social welfare: 649.944460
Objective value of primal LP: 1.000000


