Analysis results no. 22

Ellipsoid method stopped in iteration 1000 because reached N.
Ellipsoid parameters: cut=central; eps=0.000000; N=1000; R=3.872983.
Ellipsoid performance: runtime=5.182408 sec.; constraint-cuts=872.

First iteration in which primal was feasible: 0.
In total 125 integer solutions where found, whereas 6 where used by primal.

Solution quality:
Expected social welfare=1181.717200
Absolute deviation=112.772012
Variance=29991.887943
Standard deviation=173.181662
Coefficient of variation=0.146551

Distribution of constraint cuts:
cons_cuts=[2, 3, 5, 7, 9, 10, 12, 14, 15, 17, 19, 20, 22, 23, 25, 26, 28, 29, 31, 32, 34, 35, 37, 38, 40, 41, 43, 44, 46, 47, 49, 50, 51, 53, 54, 56, 57, 58, 60, 61, 62, 64, 65, 66, 67, 68, 70, 71, 72, 73, 75, 76, 78, 79, 80, 81, 82, 83, 85, 86, 87, 88, 89, 90, 92, 93, 94, 95, 96, 97, 98, 100, 101, 102, 103, 104, 106, 107, 108, 109, 110, 111, 112, 114, 115, 116, 117, 118, 119, 120, 122, 123, 124, 125, 126, 127, 129, 130, 131, 132, 133, 134, 136, 137, 138, 139, 140, 142, 143, 144, 145, 146, 148, 149, 150, 151, 152, 154, 155, 156, 157, 159, 160, 161, 162, 163, 164, 166, 167, 168, 169, 170, 172, 173, 174, 175, 176, 177, 178, 180, 181, 182, 183, 184, 185, 187, 188, 189, 190, 191, 193, 194, 195, 196, 197, 198, 200, 201, 202, 203, 204, 206, 207, 208, 209, 210, 211, 213, 214, 215, 216, 217, 219, 220, 221, 222, 223, 224, 226, 227, 228, 229, 230, 231, 233, 234, 235, 236, 237, 239, 240, 241, 242, 244, 245, 246, 247, 249, 250, 251, 252, 253, 255, 256, 257, 258, 259, 260, 261, 263, 264, 265, 266, 267, 268, 270, 271, 272, 273, 274, 275, 276, 277, 278, 279, 280, 281, 282, 283, 284, 285, 286, 287, 288, 289, 290, 292, 293, 294, 295, 296, 297, 298, 299, 300, 301, 303, 304, 305, 306, 307, 308, 309, 310, 312, 313, 314, 315, 316, 317, 318, 319, 321, 322, 323, 324, 325, 326, 327, 328, 329, 331, 332, 333, 334, 335, 336, 338, 339, 340, 341, 342, 343, 344, 345, 346, 348, 349, 350, 351, 352, 353, 355, 356, 357, 358, 359, 360, 362, 363, 364, 365, 366, 368, 369, 370, 371, 372, 373, 374, 375, 377, 378, 379, 380, 381, 382, 383, 384, 385, 386, 388, 389, 390, 391, 392, 393, 394, 395, 396, 398, 399, 400, 401, 402, 403, 404, 405, 406, 408, 409, 410, 411, 412, 413, 414, 416, 417, 418, 419, 420, 421, 422, 424, 425, 426, 427, 428, 429, 431, 432, 433, 434, 435, 436, 438, 439, 440, 441, 442, 443, 444, 445, 446, 447, 448, 449, 450, 451, 452, 453, 454, 455, 456, 457, 458, 459, 460, 461, 462, 463, 464, 465, 466, 467, 469, 470, 471, 472, 473, 474, 475, 476, 477, 478, 479, 480, 481, 482, 484, 485, 486, 487, 488, 489, 490, 491, 492, 493, 494, 495, 496, 497, 498, 500, 501, 502, 503, 504, 505, 506, 507, 508, 509, 510, 511, 512, 513, 514, 516, 517, 518, 519, 520, 521, 522, 523, 524, 526, 527, 528, 529, 530, 531, 532, 533, 534, 535, 537, 538, 539, 540, 541, 542, 543, 544, 545, 546, 548, 549, 550, 551, 552, 553, 554, 555, 557, 558, 559, 560, 561, 562, 563, 564, 565, 567, 568, 569, 570, 571, 572, 573, 574, 575, 576, 578, 579, 580, 581, 582, 583, 584, 585, 586, 588, 589, 590, 591, 592, 593, 594, 595, 597, 598, 599, 600, 601, 602, 603, 605, 606, 607, 608, 609, 610, 611, 612, 613, 615, 616, 617, 618, 619, 620, 621, 622, 623, 625, 626, 627, 628, 629, 630, 631, 632, 633, 635, 636, 637, 638, 639, 640, 641, 642, 644, 645, 646, 647, 648, 649, 650, 652, 653, 654, 655, 656, 657, 658, 660, 661, 662, 663, 664, 665, 666, 667, 669, 670, 671, 672, 673, 674, 675, 677, 678, 679, 680, 681, 682, 683, 684, 686, 687, 688, 689, 690, 691, 693, 694, 695, 696, 697, 698, 699, 701, 702, 703, 704, 705, 706, 707, 708, 710, 711, 712, 713, 714, 715, 717, 718, 719, 720, 721, 722, 723, 724, 725, 726, 727, 729, 730, 731, 732, 733, 734, 735, 736, 737, 738, 739, 741, 742, 743, 744, 745, 746, 747, 748, 749, 750, 752, 753, 754, 755, 756, 757, 758, 759, 760, 762, 763, 764, 765, 766, 767, 768, 769, 771, 772, 773, 774, 775, 776, 777, 778, 779, 781, 782, 783, 784, 785, 786, 787, 789, 790, 791, 792, 793, 794, 795, 796, 798, 799, 800, 801, 802, 803, 804, 805, 807, 808, 809, 810, 811, 812, 813, 814, 815, 817, 818, 819, 820, 821, 822, 823, 824, 826, 827, 828, 829, 830, 831, 832, 833, 835, 836, 837, 838, 839, 840, 841, 843, 844, 845, 846, 847, 848, 849, 850, 852, 853, 854, 855, 856, 857, 858, 859, 861, 862, 863, 864, 865, 866, 867, 868, 869, 871, 872, 873, 874, 875, 876, 877, 878, 879, 881, 882, 883, 884, 885, 886, 887, 889, 890, 891, 892, 893, 894, 895, 896, 898, 899, 900, 901, 902, 903, 904, 906, 907, 908, 909, 910, 911, 912, 913, 914, 915, 917, 918, 919, 920, 921, 922, 923, 924, 926, 927, 928, 929, 930, 931, 932, 934, 935, 936, 937, 938, 939, 940, 942, 943, 944, 945, 946, 947, 948, 949, 950, 952, 953, 954, 955, 956, 957, 958, 960, 961, 962, 963, 964, 965, 966, 967, 968, 970, 971, 972, 973, 974, 975, 976, 977, 978, 980, 981, 982, 983, 984, 985, 986, 987, 988, 990, 991, 992, 993, 994, 995, 996, 998, 999, 1000];
Distribution of found integer solutions:
int_sols=[2, 3, 7, 10, 12, 15, 20, 65, 66, 67, 68, 78, 80, 81, 90, 92, 94, 96, 97, 98, 103, 104, 107, 108, 115, 116, 122, 123, 125, 160, 161, 271, 272, 273, 274, 276, 278, 279, 280, 282, 283, 284, 287, 288, 289, 290, 292, 293, 294, 295, 314, 315, 319, 344, 379, 384, 385, 402, 405, 406, 426, 441, 442, 452, 453, 454, 455, 456, 459, 460, 462, 463, 464, 465, 466, 472, 473, 474, 479, 481, 482, 488, 489, 491, 494, 495, 500, 502, 504, 505, 510, 511, 512, 526, 528, 530, 542, 543, 544, 558, 560, 572, 573, 574, 575, 578, 581, 582, 585, 586, 591, 608, 609, 611, 619, 681, 739, 741, 752, 765, 775, 823, 824, 853, 882];
Distribution of found duplicates:
int_dupl=[5, 9, 22, 25, 28, 32, 38, 53, 56, 73, 224, 229, 241, 244, 249, 323, 339, 359, 362, 730, 818, 861, 931, 934, 939, 23, 26, 29, 37, 40, 51, 54, 72, 220, 223, 228, 233, 240, 242, 247, 251, 358, 360, 363, 721, 843, 859, 932, 935, 938, 14, 17, 19, 57, 60, 70, 144, 159, 296, 303, 307, 316, 439, 478, 34, 43, 46, 49, 62, 76, 102, 221, 227, 231, 235, 237, 246, 356, 365, 368, 855, 857, 937, 942, 31, 35, 41, 44, 47, 50, 64, 75, 101, 219, 222, 226, 230, 234, 236, 239, 245, 250, 355, 357, 364, 366, 841, 856, 858, 936, 940, 58, 71, 304, 317, 438, 484, 564, 61, 89, 143, 157, 297, 308, 440, 83, 87, 298, 300, 309, 312, 327, 334, 616, 82, 86, 88, 169, 194, 299, 301, 310, 326, 333, 351, 498, 615, 127, 260, 265, 390, 735, 746, 748, 79, 126, 130, 259, 264, 267, 369, 557, 722, 745, 747, 100, 129, 173, 253, 256, 258, 261, 266, 313, 335, 731, 869, 872, 85, 93, 170, 193, 305, 332, 348, 350, 493, 760, 873, 306, 331, 346, 349, 874, 95, 111, 175, 180, 183, 185, 217, 630, 638, 948, 953, 131, 139, 151, 154, 370, 381, 106, 133, 163, 168, 207, 209, 268, 393, 662, 110, 174, 178, 182, 184, 187, 206, 216, 391, 569, 631, 637, 947, 952, 955, 109, 112, 176, 181, 188, 204, 214, 371, 394, 565, 568, 635, 768, 945, 949, 954, 172, 252, 255, 257, 263, 732, 868, 871, 117, 132, 138, 150, 152, 378, 382, 964, 118, 124, 136, 140, 146, 149, 155, 377, 967, 134, 162, 167, 208, 210, 270, 392, 663, 707, 921, 114, 177, 189, 215, 567, 636, 767, 946, 950, 120, 197, 202, 617, 633, 646, 650, 769, 119, 198, 203, 632, 647, 652, 190, 196, 200, 618, 639, 645, 648, 191, 195, 201, 640, 644, 649, 137, 142, 145, 148, 156, 968, 166, 213, 863, 164, 211, 400, 708, 862, 920, 277, 285, 373, 570, 804, 807, 844, 796, 847, 275, 281, 425, 496, 518, 623, 669, 673, 688, 690, 914, 352, 401, 403, 412, 457, 497, 517, 625, 670, 674, 687, 689, 913, 325, 424, 612, 621, 665, 667, 671, 691, 918, 286, 372, 404, 413, 805, 808, 845, 386, 535, 521, 579, 779, 782, 798, 836, 944, 322, 340, 408, 410, 417, 421, 431, 433, 785, 787, 817, 399, 802, 328, 398, 436, 762, 801, 329, 341, 345, 396, 435, 476, 800, 477, 799, 318, 642, 655, 660, 821, 828, 923, 926, 353, 656, 810, 829, 840, 922, 924, 324, 571, 641, 657, 661, 719, 822, 827, 927, 658, 720, 826, 928, 342, 374, 522, 580, 783, 803, 837, 943, 343, 375, 409, 422, 432, 434, 771, 784, 786, 789, 838, 321, 336, 380, 389, 470, 724, 734, 813, 864, 867, 338, 395, 778, 781, 835, 503, 520, 533, 383, 388, 469, 725, 733, 814, 866, 414, 471, 812, 865, 974, 418, 467, 815, 458, 534, 986, 411, 416, 427, 429, 811, 419, 809, 839, 846, 420, 613, 622, 664, 666, 672, 693, 919, 428, 444, 446, 447, 449, 539, 555, 698, 701, 703, 715, 443, 445, 448, 450, 451, 561, 594, 597, 599, 980, 984, 486, 487, 506, 538, 545, 549, 551, 553, 705, 711, 713, 963, 723, 795, 849, 626, 629, 889, 892, 894, 898, 774, 776, 790, 992, 485, 559, 563, 588, 601, 603, 727, 972, 977, 475, 527, 675, 680, 684, 694, 697, 461, 531, 738, 772, 794, 907, 480, 537, 540, 548, 554, 699, 702, 704, 714, 832, 877, 881, 610, 911, 490, 755, 757, 875, 929, 990, 999, 607, 764, 777, 917, 993, 541, 654, 957, 960, 529, 833, 879, 589, 602, 605, 976, 507, 546, 550, 552, 706, 710, 712, 513, 848, 492, 516, 628, 717, 753, 766, 890, 895, 900, 508, 758, 930, 988, 995, 998, 501, 514, 896, 901, 509, 524, 759, 987, 994, 996, 627, 891, 893, 899, 523, 754, 756, 876, 991, 1000, 519, 532, 985, 576, 744, 736, 749, 606, 729, 965, 970, 590, 677, 678, 682, 686, 696, 737, 773, 820, 908, 956, 958, 653, 906, 961, 904, 962, 878, 562, 595, 598, 600, 819, 966, 973, 978, 983, 830, 903, 981, 831, 982, 620, 850, 854, 886, 726, 971, 718, 583, 584, 593, 592, 679, 683, 912, 763, 852, 887, 695, 742, 750, 791, 793, 909, 743, 792, 910, 915, 902, 975, 883, 885, 884];

Decomposition solution:
Meaning of solution vector: [P    17 [k=1 v=0] gets set {5}, P    63 [k=1 v=0] gets set {18}, P   181 [k=1 v=0] gets set {2}, P   240 [k=1 v=0] gets set {11}, P   248 [k=1 v=0] gets set {8}, P   317 [k=1 v=0] gets set {11}, P   516 [k=1 v=0] gets set {3}, P   517 [k=1 v=0] gets set {6}, P   538 [k=1 v=0] gets set {12}, P   581 [k=1 v=0] gets set {4}, P   586 [k=1 v=0] gets set {2}, P   657 [k=1 v=0] gets set {5}, P   878 [k=1 v=0] gets set {1}, P   909 [k=1 v=0] gets set {16}]
Probabilities and corresponding integer solution:
lambda_0 = 0.141414 and welfare = 1146.899068 and x_l = [1, 1, 1, 1, 1, 1, 1, 1, 1, 1, 1, 1, 1, 0]
lambda_2 = 0.343434 and welfare = 1122.132297 and x_l = [1, 0, 1, 1, 1, 1, 1, 1, 1, 1, 1, 1, 1, 1]
lambda_31 = 0.141414 and welfare = 1297.588554 and x_l = [1, 1, 1, 1, 1, 1, 1, 1, 1, 0, 1, 1, 1, 1]
lambda_40 = 0.141414 and welfare = 1241.613117 and x_l = [1, 1, 1, 1, 1, 1, 1, 1, 1, 1, 0, 0, 0, 1]
lambda_61 = 0.141414 and welfare = 1193.658614 and x_l = [1, 1, 1, 1, 1, 1, 1, 1, 0, 1, 1, 1, 1, 1]
lambda_62 = 0.141414 and welfare = 751.490983 and x_l = [0, 1, 0, 0, 0, 0, 0, 0, 1, 1, 1, 1, 1, 1]
lambda_else = 0
Using 6 out of 125 integer solutions.
Expected social welfare: 1181.717200
Objective value of primal LP: 1.050505


