Analysis results no. 6

Ellipsoid method stopped in iteration 1000 because reached N.
Ellipsoid parameters: cut=shallow; eps=0.000000; N=1000; R=3.872983.
Ellipsoid performance: runtime=4.267551 sec.; constraint-cuts=684.

First iteration in which primal was feasible: 22.
In total 38 integer solutions where found, whereas 6 where used by primal.

Solution quality:
Expected social welfare=649.944460
Absolute deviation=417.636963
Variance=195733.138391
Standard deviation=442.417380
Coefficient of variation=0.680700

Distribution of constraint cuts:
cons_cuts=[2, 3, 5, 7, 9, 11, 13, 15, 17, 18, 20, 22, 23, 25, 27, 29, 31, 33, 35, 36, 38, 40, 41, 43, 45, 47, 49, 51, 52, 54, 56, 58, 59, 61, 62, 64, 66, 68, 70, 72, 73, 75, 77, 79, 80, 82, 84, 85, 87, 89, 91, 92, 94, 96, 98, 99, 101, 103, 104, 106, 107, 109, 111, 113, 115, 116, 118, 120, 122, 123, 125, 127, 128, 130, 131, 133, 134, 136, 138, 140, 141, 143, 145, 146, 148, 150, 152, 153, 155, 156, 158, 159, 161, 163, 164, 166, 168, 169, 171, 173, 174, 176, 178, 179, 181, 183, 185, 186, 188, 190, 191, 193, 195, 196, 198, 199, 201, 202, 204, 205, 207, 209, 210, 212, 214, 215, 217, 218, 220, 222, 223, 225, 226, 228, 230, 231, 233, 235, 236, 238, 239, 241, 243, 244, 246, 248, 249, 251, 252, 254, 256, 257, 259, 260, 262, 263, 265, 267, 268, 270, 271, 273, 275, 276, 278, 279, 281, 282, 284, 285, 287, 288, 290, 292, 293, 295, 297, 298, 300, 301, 303, 304, 306, 307, 309, 310, 312, 313, 315, 316, 318, 319, 321, 323, 324, 326, 327, 329, 330, 332, 334, 335, 337, 338, 340, 341, 343, 344, 346, 347, 349, 350, 352, 353, 355, 356, 358, 359, 361, 363, 364, 366, 367, 369, 370, 372, 373, 375, 376, 378, 379, 381, 382, 384, 385, 387, 388, 390, 391, 393, 394, 395, 397, 398, 400, 401, 403, 404, 406, 408, 409, 411, 412, 414, 415, 417, 418, 420, 421, 422, 424, 425, 427, 428, 430, 431, 433, 434, 436, 437, 439, 440, 442, 443, 445, 446, 448, 449, 450, 452, 453, 455, 456, 458, 459, 461, 462, 464, 465, 466, 468, 469, 471, 472, 474, 475, 477, 478, 480, 481, 483, 484, 485, 487, 488, 490, 491, 493, 494, 496, 497, 499, 500, 501, 503, 504, 506, 507, 509, 510, 512, 513, 514, 516, 517, 519, 520, 521, 523, 524, 526, 527, 529, 530, 532, 533, 534, 536, 537, 539, 540, 542, 543, 544, 546, 547, 549, 550, 552, 553, 554, 556, 557, 559, 560, 562, 563, 564, 566, 567, 569, 570, 572, 573, 574, 576, 577, 579, 580, 582, 583, 584, 586, 587, 589, 590, 592, 593, 594, 596, 597, 599, 600, 601, 603, 604, 606, 607, 608, 610, 611, 612, 614, 615, 617, 618, 620, 621, 622, 624, 625, 626, 628, 629, 631, 632, 633, 635, 636, 638, 639, 641, 642, 643, 644, 646, 647, 649, 650, 652, 653, 654, 656, 657, 659, 660, 661, 663, 664, 665, 667, 668, 670, 671, 673, 674, 675, 677, 678, 680, 681, 682, 684, 685, 686, 688, 689, 691, 692, 693, 695, 696, 697, 699, 700, 702, 703, 705, 706, 707, 709, 710, 712, 713, 714, 716, 717, 718, 720, 721, 722, 724, 725, 727, 728, 729, 731, 732, 733, 735, 736, 738, 739, 740, 742, 743, 744, 746, 747, 748, 750, 751, 752, 754, 755, 757, 758, 759, 761, 762, 763, 765, 766, 767, 769, 770, 771, 773, 774, 776, 777, 778, 780, 781, 783, 784, 785, 787, 788, 789, 791, 792, 794, 795, 796, 798, 799, 800, 802, 803, 804, 806, 807, 809, 810, 811, 813, 814, 815, 817, 818, 820, 821, 822, 823, 825, 826, 828, 829, 830, 832, 833, 834, 836, 837, 838, 840, 841, 842, 844, 845, 847, 848, 849, 851, 852, 853, 855, 856, 857, 859, 860, 861, 862, 864, 865, 866, 868, 869, 870, 872, 873, 874, 876, 877, 878, 880, 881, 882, 884, 885, 886, 887, 889, 890, 891, 893, 894, 895, 897, 898, 899, 901, 902, 903, 905, 906, 907, 909, 910, 911, 913, 914, 915, 916, 917, 919, 920, 921, 922, 923, 925, 926, 927, 928, 929, 931, 932, 933, 934, 935, 937, 938, 939, 940, 941, 942, 944, 945, 946, 947, 949, 950, 951, 952, 953, 955, 956, 957, 958, 959, 961, 962, 963, 964, 965, 967, 968, 969, 970, 971, 973, 974, 975, 976, 977, 979, 980, 981, 982, 984, 985, 986, 987, 988, 990, 991, 992, 993, 995, 996, 997, 998, 999];
Distribution of found integer solutions:
int_sols=[2, 3, 9, 17, 18, 20, 22, 23, 25, 41, 43, 52, 58, 84, 155, 417, 418, 420, 421, 422, 424, 445, 448, 455, 456, 512, 527, 534, 544, 712, 914, 915, 919, 920, 944, 945, 949, 950];
Distribution of found duplicates:
int_dupl=[5, 7, 11, 13, 27, 31, 33, 64, 70, 72, 75, 87, 98, 115, 120, 140, 178, 181, 183, 193, 265, 273, 323, 329, 340, 406, 572, 586, 589, 678, 681, 695, 699, 702, 705, 778, 781, 792, 802, 804, 818, 832, 842, 73, 85, 106, 116, 179, 190, 198, 263, 271, 338, 408, 501, 573, 584, 587, 677, 680, 682, 693, 700, 703, 706, 722, 780, 783, 791, 800, 803, 806, 830, 841, 15, 29, 35, 38, 45, 47, 49, 61, 68, 77, 113, 150, 163, 185, 230, 233, 243, 246, 290, 292, 295, 315, 321, 326, 361, 398, 644, 697, 757, 773, 776, 787, 810, 813, 815, 840, 847, 51, 54, 66, 91, 94, 122, 145, 171, 173, 214, 217, 228, 238, 241, 254, 332, 437, 458, 469, 472, 477, 480, 483, 497, 550, 562, 564, 769, 40, 82, 99, 123, 127, 141, 146, 207, 212, 223, 256, 279, 282, 285, 297, 304, 307, 310, 316, 330, 346, 349, 369, 372, 379, 382, 385, 394, 506, 590, 759, 36, 186, 195, 204, 260, 268, 324, 335, 411, 425, 440, 547, 579, 582, 674, 685, 688, 691, 709, 714, 785, 822, 825, 828, 836, 845, 89, 107, 111, 118, 188, 191, 196, 199, 209, 259, 262, 267, 270, 334, 337, 409, 412, 427, 439, 442, 503, 549, 577, 580, 583, 673, 675, 684, 686, 689, 692, 707, 710, 716, 724, 784, 789, 799, 807, 823, 826, 829, 837, 844, 59, 62, 158, 319, 327, 397, 696, 777, 817, 96, 134, 138, 156, 159, 164, 168, 176, 235, 248, 251, 428, 431, 434, 461, 464, 466, 475, 485, 488, 491, 494, 553, 556, 559, 567, 570, 576, 56, 80, 104, 128, 131, 143, 153, 202, 205, 218, 222, 275, 278, 287, 300, 303, 312, 341, 344, 350, 353, 356, 359, 364, 367, 375, 378, 387, 390, 393, 401, 404, 415, 507, 761, 766, 109, 133, 231, 244, 288, 293, 313, 643, 758, 774, 788, 809, 811, 814, 838, 848, 92, 136, 169, 174, 215, 226, 236, 239, 252, 436, 459, 468, 471, 474, 478, 481, 484, 496, 552, 560, 563, 566, 767, 79, 103, 130, 152, 220, 276, 301, 343, 352, 355, 358, 363, 366, 376, 388, 391, 400, 403, 414, 509, 765, 101, 125, 148, 210, 225, 257, 281, 284, 298, 306, 309, 318, 347, 370, 373, 381, 384, 395, 504, 592, 161, 166, 201, 249, 430, 433, 462, 465, 487, 490, 493, 554, 557, 569, 574, 526, 529, 532, 626, 633, 636, 647, 657, 668, 728, 731, 742, 755, 446, 452, 670, 717, 743, 746, 770, 820, 833, 453, 713, 739, 747, 796, 834, 543, 629, 641, 650, 653, 661, 664, 721, 735, 748, 751, 762, 443, 449, 514, 517, 520, 594, 597, 600, 608, 611, 614, 622, 853, 864, 866, 877, 880, 887, 890, 893, 895, 903, 906, 510, 513, 521, 524, 540, 593, 601, 604, 607, 615, 618, 621, 727, 857, 868, 870, 881, 886, 897, 899, 902, 450, 516, 519, 596, 599, 610, 612, 624, 852, 862, 865, 876, 878, 889, 891, 894, 905, 907, 671, 718, 744, 771, 500, 536, 856, 885, 910, 499, 537, 546, 794, 851, 855, 860, 873, 884, 909, 911, 523, 539, 603, 606, 617, 620, 725, 795, 859, 869, 872, 882, 898, 901, 530, 533, 625, 632, 635, 638, 646, 656, 659, 667, 729, 732, 740, 754, 542, 628, 631, 639, 642, 649, 652, 654, 660, 663, 665, 720, 733, 736, 750, 752, 763, 821, 849, 861, 874, 913, 738, 798, 916, 926, 928, 938, 940, 952, 971, 984, 917, 925, 927, 929, 937, 939, 941, 951, 953, 965, 970, 975, 982, 987, 999, 921, 923, 931, 933, 935, 942, 947, 955, 959, 967, 969, 976, 979, 981, 988, 993, 922, 932, 934, 946, 958, 968, 977, 980, 992, 956, 990, 995, 957, 991, 996, 961, 963, 973, 985, 997, 962, 964, 974, 986, 998];

Decomposition solution:
Meaning of solution vector: [P    17 [k=1 v=0] gets set {5}, P    63 [k=1 v=0] gets set {18}, P   181 [k=1 v=0] gets set {2}, P   240 [k=1 v=0] gets set {11}, P   248 [k=1 v=0] gets set {8}, P   317 [k=1 v=0] gets set {11}, P   516 [k=1 v=0] gets set {3}, P   517 [k=1 v=0] gets set {6}, P   538 [k=1 v=0] gets set {12}, P   581 [k=1 v=0] gets set {4}, P   586 [k=1 v=0] gets set {2}, P   657 [k=1 v=0] gets set {5}, P   878 [k=1 v=0] gets set {1}, P   909 [k=1 v=0] gets set {16}]
Probabilities and corresponding integer solution:
lambda_3 = 0.194444 and welfare = 1269.374140 and x_l = [1, 1, 1, 1, 1, 1, 1, 1, 1, 1, 1, 0, 0, 1]
lambda_14 = 0.194444 and welfare = 309.846617 and x_l = [0, 1, 0, 0, 0, 0, 0, 0, 0, 0, 0, 1, 1, 0]
lambda_17 = 0.152778 and welfare = 850.000704 and x_l = [1, 0, 1, 1, 1, 1, 1, 1, 1, 1, 1, 0, 1, 0]
lambda_26 = 0.152778 and welfare = 68.354135 and x_l = [0, 0, 0, 0, 0, 0, 0, 0, 0, 0, 0, 1, 0, 0]
lambda_32 = 0.152778 and welfare = 1028.335050 and x_l = [1, 0, 1, 1, 1, 1, 1, 1, 1, 0, 0, 1, 0, 1]
lambda_36 = 0.152778 and welfare = 297.574706 and x_l = [0, 0, 0, 0, 0, 0, 0, 0, 0, 1, 1, 0, 1, 1]
lambda_else = 0
Using 6 out of 38 integer solutions.
Expected social welfare: 649.944460
Objective value of primal LP: 1.000000


