Analysis results no. 28

Ellipsoid method stopped in iteration 1000 because reached N.
Ellipsoid parameters: cut=central; eps=0.000000; N=1000; R=11.045361.
Ellipsoid performance: runtime=688.100203 sec.; constraint-cuts=729.

First iteration in which primal was feasible: 9.
In total 135 integer solutions where found, whereas 5 where used by primal.

Solution quality:
Expected social welfare=7497.800681
Absolute deviation=6112.022750
Variance=37415925.248980
Standard deviation=6116.855830
Coefficient of variation=0.815820

Distribution of constraint cuts:
cons_cuts=[2, 3, 5, 7, 9, 11, 13, 15, 17, 19, 21, 23, 25, 26, 28, 30, 32, 34, 36, 38, 40, 42, 44, 45, 47, 49, 51, 53, 55, 57, 59, 60, 62, 64, 66, 68, 70, 72, 73, 75, 77, 79, 81, 83, 85, 86, 88, 90, 92, 94, 95, 97, 99, 101, 103, 104, 106, 108, 110, 111, 113, 115, 117, 118, 120, 122, 124, 125, 127, 129, 131, 132, 134, 136, 137, 139, 141, 143, 144, 146, 148, 149, 151, 153, 154, 156, 158, 160, 161, 163, 165, 166, 168, 170, 171, 173, 175, 176, 178, 180, 181, 183, 185, 186, 188, 190, 191, 193, 195, 196, 198, 200, 201, 203, 205, 206, 208, 210, 212, 213, 215, 217, 218, 220, 221, 223, 224, 226, 228, 229, 231, 232, 234, 236, 237, 239, 240, 242, 243, 245, 247, 248, 250, 252, 253, 255, 256, 258, 260, 261, 263, 264, 266, 268, 269, 271, 273, 274, 276, 277, 279, 280, 282, 283, 284, 286, 288, 289, 291, 292, 294, 295, 297, 299, 300, 302, 304, 305, 306, 308, 309, 311, 312, 314, 315, 317, 318, 320, 322, 323, 325, 327, 328, 329, 331, 332, 334, 335, 337, 338, 339, 341, 343, 344, 346, 347, 349, 350, 351, 353, 354, 356, 357, 359, 360, 362, 363, 365, 366, 368, 369, 370, 372, 373, 374, 376, 378, 379, 380, 381, 383, 384, 385, 387, 388, 389, 391, 392, 393, 395, 396, 398, 399, 401, 402, 403, 404, 406, 407, 409, 410, 411, 413, 414, 416, 417, 419, 420, 421, 423, 424, 425, 427, 428, 430, 431, 432, 434, 435, 436, 438, 439, 440, 442, 443, 445, 446, 448, 449, 450, 451, 453, 454, 456, 457, 458, 460, 461, 462, 464, 465, 466, 468, 469, 470, 471, 473, 474, 475, 477, 478, 479, 480, 482, 483, 484, 486, 487, 488, 489, 491, 492, 493, 495, 496, 497, 499, 500, 501, 503, 504, 505, 507, 508, 509, 510, 512, 513, 514, 516, 517, 518, 520, 521, 522, 524, 525, 526, 528, 529, 530, 532, 533, 535, 536, 537, 539, 540, 541, 543, 544, 545, 547, 548, 549, 551, 552, 554, 555, 556, 558, 559, 560, 562, 563, 565, 566, 567, 569, 570, 571, 573, 574, 575, 577, 578, 579, 581, 582, 584, 585, 586, 588, 589, 590, 592, 593, 595, 596, 597, 599, 600, 601, 603, 604, 605, 607, 608, 609, 610, 611, 612, 614, 615, 616, 617, 618, 619, 621, 622, 623, 624, 625, 627, 628, 629, 630, 631, 633, 634, 635, 636, 637, 638, 640, 641, 642, 643, 644, 646, 647, 648, 649, 651, 652, 653, 654, 656, 657, 658, 660, 661, 662, 663, 665, 666, 667, 668, 670, 671, 672, 674, 675, 676, 677, 679, 680, 681, 683, 684, 685, 686, 688, 689, 690, 692, 693, 694, 695, 697, 698, 699, 701, 702, 703, 704, 706, 707, 708, 710, 711, 712, 713, 714, 716, 717, 718, 719, 721, 722, 723, 724, 726, 727, 728, 730, 731, 732, 733, 734, 735, 737, 738, 739, 740, 741, 743, 744, 745, 746, 747, 749, 750, 751, 752, 753, 754, 756, 757, 758, 759, 761, 762, 763, 764, 766, 767, 768, 769, 770, 771, 773, 774, 775, 776, 777, 778, 779, 780, 781, 783, 784, 785, 786, 787, 788, 789, 790, 791, 792, 794, 795, 796, 797, 798, 799, 800, 801, 802, 803, 804, 806, 807, 808, 809, 810, 811, 812, 813, 814, 816, 817, 818, 819, 820, 821, 822, 823, 824, 826, 827, 828, 829, 830, 831, 832, 833, 834, 836, 837, 838, 839, 840, 841, 842, 843, 845, 846, 847, 848, 849, 850, 851, 853, 854, 855, 856, 857, 858, 859, 861, 862, 863, 864, 865, 866, 867, 868, 870, 871, 872, 873, 874, 875, 876, 878, 879, 880, 881, 882, 883, 884, 885, 886, 888, 889, 890, 891, 892, 894, 895, 896, 897, 898, 900, 901, 902, 903, 904, 906, 907, 908, 909, 910, 912, 913, 914, 915, 916, 918, 919, 920, 921, 923, 924, 925, 926, 927, 929, 930, 931, 932, 933, 935, 936, 937, 938, 940, 941, 942, 943, 944, 946, 947, 948, 949, 951, 952, 953, 954, 956, 957, 958, 959, 960, 962, 963, 964, 965, 967, 968, 969, 970, 971, 973, 974, 975, 976, 977, 978, 979, 981, 982, 983, 984, 985, 986, 987, 988, 990, 991, 992, 993, 994, 995, 996, 997, 999, 1000];
Distribution of found integer solutions:
int_sols=[2, 3, 9, 21, 103, 104, 106, 108, 111, 113, 132, 137, 149, 180, 205, 368, 369, 372, 373, 376, 378, 379, 380, 381, 383, 385, 387, 391, 392, 393, 395, 399, 402, 403, 409, 410, 414, 416, 424, 434, 435, 448, 449, 457, 458, 460, 461, 462, 466, 473, 518, 605, 607, 608, 609, 610, 611, 614, 615, 621, 624, 625, 631, 633, 634, 636, 640, 641, 731, 732, 737, 739, 740, 741, 773, 774, 775, 776, 777, 778, 780, 781, 783, 784, 785, 786, 789, 795, 796, 797, 798, 803, 804, 806, 813, 814, 816, 817, 819, 820, 822, 823, 846, 847, 848, 850, 851, 857, 858, 863, 864, 871, 872, 878, 879, 880, 882, 883, 926, 927, 973, 975, 976, 979, 984, 985, 986, 990, 992, 993, 994, 995, 996, 997, 999];
Distribution of found duplicates:
int_dupl=[5, 7, 11, 13, 17, 19, 23, 25, 30, 32, 36, 38, 42, 44, 47, 51, 53, 57, 59, 64, 66, 70, 72, 75, 79, 81, 85, 88, 92, 94, 99, 101, 127, 131, 134, 146, 160, 170, 228, 236, 247, 26, 45, 60, 73, 86, 95, 125, 144, 154, 166, 232, 237, 245, 286, 335, 521, 15, 28, 49, 62, 90, 97, 129, 139, 141, 148, 151, 156, 158, 163, 165, 168, 171, 175, 176, 183, 210, 231, 234, 239, 242, 248, 252, 253, 256, 288, 337, 520, 528, 34, 40, 55, 68, 77, 83, 136, 143, 153, 215, 226, 243, 271, 284, 302, 311, 314, 320, 407, 413, 603, 110, 115, 117, 122, 124, 266, 269, 297, 315, 318, 730, 761, 185, 195, 221, 280, 291, 329, 332, 349, 354, 362, 365, 439, 445, 453, 535, 543, 545, 554, 556, 565, 567, 575, 578, 586, 589, 597, 600, 181, 188, 191, 193, 198, 201, 213, 218, 220, 261, 276, 279, 282, 325, 328, 341, 344, 347, 350, 357, 360, 366, 440, 443, 451, 536, 539, 541, 547, 549, 552, 558, 560, 563, 569, 571, 574, 579, 582, 585, 590, 593, 596, 186, 196, 223, 289, 292, 331, 334, 356, 363, 446, 454, 533, 544, 555, 566, 577, 588, 599, 601, 118, 263, 268, 294, 306, 317, 530, 728, 759, 120, 178, 203, 206, 208, 258, 264, 274, 295, 300, 305, 308, 323, 339, 353, 430, 524, 532, 224, 312, 411, 604, 771, 161, 173, 229, 250, 255, 529, 240, 283, 309, 406, 190, 200, 212, 217, 260, 277, 327, 343, 346, 359, 370, 442, 450, 537, 540, 548, 551, 559, 562, 570, 573, 581, 584, 592, 595, 988, 273, 299, 304, 322, 338, 351, 522, 854, 630, 374, 420, 398, 401, 465, 396, 456, 622, 629, 384, 389, 738, 747, 750, 754, 757, 764, 889, 891, 898, 901, 908, 910, 918, 920, 930, 937, 940, 944, 947, 954, 957, 959, 964, 965, 968, 388, 744, 746, 751, 753, 888, 892, 895, 897, 902, 904, 907, 912, 914, 916, 921, 924, 931, 941, 943, 948, 951, 953, 960, 963, 743, 745, 752, 886, 894, 896, 903, 906, 913, 915, 923, 925, 932, 942, 949, 952, 962, 427, 526, 716, 768, 428, 525, 714, 719, 762, 767, 713, 721, 763, 712, 722, 404, 417, 423, 425, 697, 707, 710, 717, 464, 419, 421, 711, 432, 724, 726, 643, 651, 661, 671, 681, 692, 702, 431, 647, 654, 657, 665, 667, 675, 677, 685, 688, 698, 695, 706, 708, 718, 436, 723, 438, 974, 517, 623, 644, 649, 652, 660, 662, 670, 672, 680, 683, 690, 693, 701, 703, 646, 648, 653, 656, 658, 663, 666, 668, 674, 676, 679, 684, 686, 689, 694, 699, 704, 727, 469, 477, 479, 487, 497, 508, 516, 468, 470, 475, 478, 480, 486, 488, 496, 499, 507, 509, 514, 471, 474, 482, 484, 489, 492, 495, 500, 503, 505, 510, 513, 483, 491, 493, 501, 504, 512, 616, 612, 617, 619, 618, 637, 635, 642, 859, 866, 868, 875, 861, 867, 628, 627, 638, 770, 769, 855, 733, 826, 856, 870, 876, 845, 987, 735, 834, 843, 734, 824, 833, 842, 749, 756, 758, 766, 890, 900, 909, 919, 929, 936, 938, 946, 956, 958, 779, 792, 801, 832, 841, 794, 827, 849, 802, 836, 788, 790, 799, 812, 828, 830, 837, 839, 787, 791, 800, 811, 831, 840, 810, 829, 838, 809, 808, 807, 821, 853, 978, 818, 977, 862, 873, 865, 874, 971, 881, 885, 884, 933, 970, 935, 967, 969, 991, 981, 983, 982, 1000];

Decomposition solution:
Meaning of solution vector: [P    33 [k=4 v=0] gets set {9}, P   298 [k=4 v=0] gets set {1}, P   318 [k=4 v=0] gets set {3}, P   353 [k=4 v=0] gets set {17}, P   377 [k=4 v=0] gets set {13}, P   399 [k=4 v=0] gets set {8}, P   557 [k=4 v=0] gets set {2}, P   642 [k=4 v=0] gets set {4}, P   685 [k=4 v=0] gets set {19}, P   722 [k=4 v=0] gets set {10}, P   820 [k=4 v=0] gets set {9}, P   917 [k=4 v=0] gets set {6}, P   918 [k=4 v=0] gets set {8}, P  1002 [k=4 v=0] gets set {5}, P  1006 [k=4 v=0] gets set {15}, P  1094 [k=4 v=0] gets set {7}, P  1102 [k=4 v=0] gets set {3}, P  1121 [k=4 v=0] gets set {4}, P  1129 [k=4 v=0] gets set {10}, P  1168 [k=4 v=0] gets set {7}, P  1335 [k=4 v=0] gets set {5}, P  1498 [k=4 v=0] gets set {5}, P  1674 [k=4 v=0] gets set {9}, P  1765 [k=4 v=0] gets set {9}, P  1774 [k=4 v=0] gets set {10}, P  1948 [k=4 v=0] gets set {6}, P  1993 [k=4 v=0] gets set {3}, P  2001 [k=4 v=0] gets set {6}, P  2054 [k=4 v=0] gets set {23}, P  2057 [k=4 v=0] gets set {7}, P  2119 [k=4 v=0] gets set {7}, P  2198 [k=4 v=0] gets set {2}, P  2315 [k=4 v=0] gets set {6}, P  2367 [k=4 v=0] gets set {4}, P  2444 [k=4 v=0] gets set {9}, P  2623 [k=4 v=0] gets set {13}, P  2684 [k=4 v=0] gets set {2}, P  2763 [k=4 v=0] gets set {19}, P  2772 [k=4 v=0] gets set {2}, P  2842 [k=4 v=0] gets set {10}, P  2862 [k=4 v=0] gets set {3}, P  2895 [k=4 v=0] gets set {18}, P  2982 [k=4 v=0] gets set {8}, P  2989 [k=4 v=0] gets set {2}, P  2998 [k=4 v=0] gets set {6}, P  3026 [k=4 v=0] gets set {1}, P  3070 [k=4 v=0] gets set {1}, P  3132 [k=4 v=0] gets set {7}, P  3215 [k=4 v=0] gets set {30}, P  3217 [k=4 v=0] gets set {4}, P  3355 [k=4 v=0] gets set {6}, P  3371 [k=4 v=0] gets set {1}, P  3449 [k=4 v=0] gets set {16}, P  3572 [k=4 v=0] gets set {7}, P  3620 [k=4 v=0] gets set {4}, P  4017 [k=4 v=0] gets set {16}, P  4036 [k=4 v=0] gets set {13}, P  4074 [k=4 v=0] gets set {2}, P  4265 [k=4 v=0] gets set {19}, P  4296 [k=4 v=0] gets set {4}, P  4356 [k=4 v=0] gets set {1}, P  4496 [k=4 v=0] gets set {22}, P  4498 [k=4 v=0] gets set {11}, P  4609 [k=4 v=0] gets set {3}, P  4618 [k=4 v=0] gets set {5}, P  4725 [k=4 v=0] gets set {14}, P  4761 [k=4 v=0] gets set {1}, P  4836 [k=4 v=0] gets set {1}, P  4903 [k=4 v=0] gets set {6}, P  5202 [k=4 v=0] gets set {1}, P  5216 [k=4 v=0] gets set {26}, P  5279 [k=4 v=0] gets set {16}, P  5291 [k=4 v=0] gets set {15}, P  5375 [k=4 v=0] gets set {20}, P  5589 [k=4 v=0] gets set {5}, P  5590 [k=4 v=0] gets set {15}, P  5706 [k=4 v=0] gets set {14}, P  5732 [k=4 v=0] gets set {7}, P  5813 [k=4 v=0] gets set {12}, P  5889 [k=4 v=0] gets set {2}, P  6094 [k=4 v=0] gets set {11}, P  6185 [k=4 v=0] gets set {1}, P  6479 [k=4 v=0] gets set {7}, P  6676 [k=4 v=0] gets set {17}, P  6911 [k=4 v=0] gets set {1}, P  6921 [k=4 v=0] gets set {3}, P  6994 [k=4 v=0] gets set {9}, P  7031 [k=4 v=0] gets set {9}, P  7046 [k=4 v=0] gets set {25}, P  7144 [k=4 v=0] gets set {4}, P  7211 [k=4 v=0] gets set {8}, P  7300 [k=4 v=0] gets set {14}, P  7438 [k=4 v=0] gets set {4}, P  7664 [k=4 v=0] gets set {17}, P  7852 [k=4 v=0] gets set {1}, P  7880 [k=4 v=0] gets set {3}, P  8055 [k=4 v=0] gets set {1}, P  8088 [k=4 v=0] gets set {12}, P  8380 [k=4 v=0] gets set {2}, P  8395 [k=4 v=0] gets set {1}, P  8405 [k=4 v=0] gets set {2}, P  8407 [k=4 v=0] gets set {21}, P  8414 [k=4 v=0] gets set {4}, P  8472 [k=4 v=0] gets set {7}, P  8531 [k=4 v=0] gets set {19}, P  8571 [k=4 v=0] gets set {6}, P  8611 [k=4 v=0] gets set {7}, P  8914 [k=4 v=0] gets set {4}, P  8949 [k=4 v=0] gets set {8}, P  8978 [k=4 v=0] gets set {15}, P  8993 [k=4 v=0] gets set {5}, P  9091 [k=4 v=0] gets set {3}, P  9138 [k=4 v=0] gets set {1}, P  9155 [k=4 v=0] gets set {1}, P  9190 [k=4 v=0] gets set {6}, P  9355 [k=4 v=0] gets set {1}, P  9461 [k=4 v=0] gets set {5}, P  9645 [k=4 v=0] gets set {14}, P  9673 [k=4 v=0] gets set {17}, P  9780 [k=4 v=0] gets set {13}, P  9803 [k=4 v=0] gets set {18}]
Probabilities and corresponding integer solution:
lambda_75 = 0.150000 and welfare = 1715.226459 and x_l = [0, 0, 0, 0, 0, 0, 0, 0, 0, 0, 0, 0, 0, 0, 0, 0, 0, 0, 0, 0, 0, 0, 0, 0, 0, 0, 0, 0, 0, 0, 0, 0, 0, 0, 0, 0, 0, 0, 0, 0, 0, 0, 0, 0, 0, 0, 0, 0, 1, 0, 0, 0, 0, 0, 0, 0, 0, 0, 0, 0, 0, 0, 0, 0, 0, 0, 0, 0, 0, 0, 0, 0, 0, 0, 0, 0, 0, 0, 0, 0, 0, 0, 0, 0, 0, 0, 0, 0, 0, 0, 0, 0, 0, 0, 0, 0, 0, 0, 0, 0, 0, 0, 0, 0, 0, 0, 0, 0, 0, 0, 1, 1, 1, 1, 1, 1, 1, 1, 1, 1, 1]
lambda_80 = 0.150000 and welfare = 875.230716 and x_l = [0, 0, 0, 0, 0, 0, 0, 0, 0, 0, 0, 0, 0, 0, 0, 0, 0, 0, 0, 0, 0, 0, 0, 0, 0, 0, 0, 0, 0, 0, 0, 0, 0, 0, 0, 0, 0, 0, 0, 0, 0, 0, 0, 0, 0, 0, 0, 0, 0, 0, 0, 0, 0, 0, 0, 0, 0, 0, 0, 0, 0, 0, 0, 0, 0, 0, 0, 0, 0, 0, 0, 0, 0, 0, 0, 0, 0, 0, 0, 0, 0, 0, 0, 0, 0, 0, 0, 0, 0, 0, 0, 0, 0, 0, 0, 0, 0, 0, 0, 0, 0, 0, 0, 0, 0, 0, 0, 0, 0, 0, 1, 1, 1, 1, 1, 1, 1, 0, 1, 0, 1]
lambda_91 = 0.350000 and welfare = 13604.401234 and x_l = [1, 1, 1, 1, 1, 1, 1, 1, 1, 1, 1, 1, 1, 1, 1, 1, 1, 1, 1, 1, 1, 1, 1, 1, 1, 1, 1, 1, 1, 1, 1, 1, 1, 1, 1, 1, 1, 1, 1, 1, 1, 1, 1, 1, 1, 1, 1, 1, 0, 1, 1, 1, 1, 1, 1, 1, 1, 1, 1, 1, 1, 1, 1, 1, 1, 1, 1, 1, 1, 1, 1, 1, 1, 1, 1, 1, 1, 1, 1, 1, 1, 1, 1, 1, 1, 1, 1, 1, 1, 1, 1, 1, 1, 1, 1, 1, 1, 1, 1, 1, 1, 1, 1, 1, 1, 1, 1, 1, 1, 1, 0, 0, 0, 0, 0, 0, 0, 0, 0, 1, 0]
lambda_92 = 0.200000 and welfare = 1521.601946 and x_l = [0, 0, 0, 0, 0, 0, 0, 0, 0, 0, 0, 0, 0, 0, 0, 0, 0, 0, 0, 0, 0, 0, 0, 0, 0, 0, 0, 0, 0, 0, 0, 0, 0, 0, 0, 0, 0, 0, 0, 0, 0, 0, 0, 0, 0, 0, 0, 0, 1, 0, 0, 0, 0, 0, 0, 0, 0, 0, 0, 0, 0, 0, 0, 0, 0, 0, 0, 0, 0, 0, 0, 0, 0, 0, 0, 0, 0, 0, 0, 0, 0, 0, 0, 0, 0, 0, 0, 0, 0, 0, 0, 0, 0, 0, 0, 0, 0, 0, 0, 0, 0, 0, 0, 0, 0, 0, 0, 0, 0, 0, 1, 1, 1, 1, 1, 1, 1, 1, 1, 0, 1]
lambda_105 = 0.150000 and welfare = 13622.475223 and x_l = [1, 1, 1, 1, 1, 1, 1, 1, 1, 1, 1, 1, 1, 1, 1, 1, 1, 1, 1, 1, 1, 1, 1, 1, 1, 1, 1, 1, 1, 1, 1, 1, 1, 1, 1, 1, 1, 1, 1, 1, 1, 1, 1, 1, 1, 1, 1, 1, 0, 1, 1, 1, 1, 1, 1, 1, 1, 1, 1, 1, 1, 1, 1, 1, 1, 1, 1, 1, 1, 1, 1, 1, 1, 1, 1, 1, 1, 1, 1, 1, 1, 1, 1, 1, 1, 1, 1, 1, 1, 1, 1, 1, 1, 1, 1, 1, 1, 1, 1, 1, 1, 1, 1, 1, 1, 1, 1, 1, 1, 1, 0, 0, 0, 0, 0, 0, 0, 1, 0, 0, 0]
lambda_else = 0
Using 5 out of 135 integer solutions.
Expected social welfare: 7497.800681
Objective value of primal LP: 1.000000


