Analysis results no. 9

Ellipsoid method stopped in iteration 1000 because reached N.
Ellipsoid parameters: cut=deep; eps=0.000000; N=1000; R=11.045361.
Ellipsoid performance: runtime=1555.102814 sec.; constraint-cuts=717.

First iteration in which primal was feasible: 35.
In total 109 integer solutions where found, whereas 9 where used by primal.

Solution quality:
Expected social welfare=7497.800681
Absolute deviation=6844.281900
Variance=46895604.193570
Standard deviation=6848.036521
Coefficient of variation=0.913339

Distribution of constraint cuts:
cons_cuts=[2, 4, 6, 8, 10, 12, 14, 16, 18, 20, 22, 24, 26, 28, 30, 31, 33, 35, 37, 39, 40, 42, 44, 46, 47, 49, 51, 53, 54, 56, 58, 60, 61, 63, 65, 66, 68, 70, 72, 74, 75, 77, 79, 80, 82, 84, 85, 87, 89, 90, 92, 94, 95, 97, 99, 100, 102, 104, 105, 107, 109, 110, 112, 114, 115, 117, 119, 120, 122, 123, 125, 127, 129, 130, 132, 134, 136, 137, 139, 140, 142, 144, 145, 147, 149, 150, 152, 154, 155, 157, 158, 160, 161, 163, 165, 166, 168, 169, 171, 172, 174, 176, 177, 179, 180, 182, 183, 185, 186, 188, 190, 191, 193, 194, 196, 197, 199, 200, 202, 203, 205, 206, 208, 209, 211, 212, 214, 215, 217, 218, 220, 221, 223, 224, 226, 227, 229, 230, 232, 233, 235, 236, 238, 239, 241, 242, 244, 245, 247, 248, 250, 251, 253, 254, 256, 257, 259, 260, 262, 263, 265, 266, 268, 269, 271, 272, 274, 275, 277, 278, 280, 281, 283, 284, 286, 287, 289, 290, 292, 293, 295, 296, 298, 299, 301, 302, 304, 305, 306, 308, 309, 311, 312, 314, 315, 317, 318, 320, 321, 323, 324, 326, 327, 329, 330, 332, 333, 335, 336, 338, 339, 341, 342, 344, 345, 347, 348, 350, 351, 353, 354, 356, 357, 359, 360, 362, 363, 365, 366, 368, 369, 371, 372, 374, 375, 377, 378, 380, 381, 383, 384, 386, 387, 389, 390, 392, 393, 395, 396, 398, 399, 401, 402, 404, 405, 406, 408, 409, 411, 412, 414, 415, 417, 418, 420, 421, 423, 424, 425, 427, 428, 429, 431, 432, 433, 435, 436, 437, 439, 440, 441, 443, 444, 446, 447, 449, 450, 452, 453, 455, 456, 458, 459, 461, 462, 464, 465, 467, 468, 470, 471, 473, 474, 475, 477, 478, 480, 481, 482, 484, 485, 486, 488, 489, 490, 492, 493, 494, 496, 497, 498, 500, 501, 502, 504, 505, 507, 508, 510, 511, 512, 514, 515, 516, 518, 519, 521, 522, 524, 525, 527, 528, 529, 531, 532, 533, 535, 536, 537, 539, 540, 541, 543, 544, 545, 547, 548, 549, 551, 552, 553, 555, 556, 557, 559, 560, 561, 563, 564, 565, 567, 568, 570, 571, 573, 574, 575, 577, 578, 579, 581, 582, 583, 585, 586, 587, 589, 590, 591, 593, 594, 595, 597, 598, 599, 601, 602, 603, 605, 606, 607, 609, 610, 611, 613, 614, 615, 617, 618, 619, 621, 622, 623, 625, 626, 627, 629, 630, 631, 633, 634, 635, 636, 637, 638, 639, 640, 641, 643, 644, 645, 646, 647, 648, 649, 650, 652, 653, 654, 655, 656, 657, 658, 660, 661, 662, 663, 664, 665, 666, 668, 669, 670, 671, 672, 673, 675, 676, 677, 678, 679, 680, 682, 683, 684, 685, 686, 687, 689, 690, 691, 692, 693, 695, 696, 697, 698, 699, 701, 702, 703, 704, 705, 707, 708, 709, 710, 711, 713, 714, 715, 716, 717, 719, 720, 721, 722, 723, 725, 726, 727, 728, 730, 731, 732, 733, 735, 736, 737, 738, 740, 741, 742, 743, 745, 746, 747, 748, 750, 751, 752, 753, 755, 756, 757, 758, 760, 761, 762, 763, 765, 766, 767, 768, 770, 771, 772, 773, 775, 776, 777, 778, 780, 781, 782, 783, 785, 786, 787, 788, 790, 791, 792, 793, 795, 796, 797, 798, 800, 801, 802, 803, 805, 806, 807, 809, 810, 811, 813, 814, 815, 817, 818, 819, 820, 822, 823, 824, 825, 827, 828, 829, 830, 832, 833, 834, 835, 837, 838, 839, 840, 842, 843, 844, 845, 847, 848, 849, 851, 852, 853, 854, 856, 857, 858, 860, 861, 862, 864, 865, 866, 867, 869, 870, 871, 872, 874, 875, 876, 877, 879, 880, 881, 883, 884, 885, 886, 888, 889, 890, 891, 893, 894, 895, 896, 898, 899, 900, 901, 903, 904, 905, 907, 908, 909, 910, 912, 913, 914, 915, 917, 918, 919, 920, 922, 923, 924, 925, 927, 928, 929, 930, 932, 933, 934, 935, 937, 938, 939, 940, 942, 943, 944, 945, 947, 948, 949, 950, 952, 953, 954, 955, 957, 958, 959, 960, 962, 963, 964, 965, 967, 968, 969, 970, 972, 973, 974, 975, 977, 978, 979, 980, 982, 983, 984, 986, 987, 988, 990, 991, 992, 994, 995, 996, 998, 999, 1000];
Distribution of found integer solutions:
int_sols=[2, 4, 10, 16, 26, 28, 30, 31, 33, 35, 37, 39, 65, 66, 68, 72, 122, 129, 130, 134, 136, 137, 147, 149, 150, 154, 157, 158, 160, 163, 165, 168, 185, 186, 188, 196, 229, 230, 235, 253, 254, 259, 260, 301, 308, 309, 311, 324, 330, 332, 362, 380, 386, 404, 405, 406, 427, 490, 492, 500, 536, 548, 549, 607, 633, 634, 635, 636, 637, 638, 639, 643, 652, 653, 660, 661, 662, 675, 676, 679, 680, 682, 683, 684, 685, 687, 691, 692, 710, 711, 713, 714, 715, 717, 719, 746, 747, 780, 781, 782, 796, 823, 909, 910, 912, 915, 932, 933, 938];
Distribution of found duplicates:
int_dupl=[6, 8, 14, 125, 12, 18, 24, 70, 123, 132, 172, 630, 22, 387, 399, 20, 363, 46, 53, 60, 74, 79, 84, 94, 104, 114, 193, 205, 211, 214, 217, 223, 226, 238, 408, 417, 420, 40, 42, 44, 47, 54, 61, 75, 77, 80, 85, 90, 92, 95, 100, 102, 107, 110, 112, 117, 120, 194, 206, 209, 218, 221, 227, 409, 412, 415, 236, 248, 263, 272, 275, 477, 507, 510, 518, 521, 881, 884, 49, 51, 56, 58, 63, 82, 87, 97, 105, 115, 212, 215, 224, 239, 418, 421, 326, 329, 559, 583, 589, 591, 594, 599, 89, 99, 109, 119, 208, 220, 411, 414, 171, 127, 381, 384, 393, 396, 161, 174, 177, 183, 360, 366, 369, 617, 302, 314, 317, 323, 341, 344, 350, 353, 631, 139, 144, 496, 532, 551, 553, 140, 142, 145, 489, 494, 497, 531, 552, 488, 529, 891, 901, 904, 475, 486, 528, 885, 890, 893, 900, 903, 474, 485, 501, 527, 886, 889, 894, 896, 899, 152, 155, 336, 357, 372, 378, 390, 866, 869, 874, 876, 984, 990, 992, 305, 338, 356, 374, 377, 389, 401, 865, 870, 872, 986, 988, 339, 375, 402, 871, 987, 359, 867, 875, 877, 991, 994, 535, 537, 543, 545, 556, 306, 333, 533, 539, 541, 555, 176, 182, 368, 371, 618, 166, 169, 180, 424, 429, 432, 435, 443, 446, 455, 458, 467, 470, 568, 574, 577, 611, 431, 433, 444, 456, 468, 471, 575, 578, 179, 423, 425, 428, 436, 439, 441, 447, 450, 453, 459, 462, 465, 570, 573, 613, 197, 200, 278, 281, 287, 290, 293, 299, 621, 623, 930, 955, 958, 190, 202, 277, 283, 286, 295, 298, 619, 625, 627, 954, 191, 203, 284, 296, 626, 629, 199, 280, 289, 292, 622, 957, 959, 232, 244, 268, 481, 484, 514, 525, 908, 233, 242, 245, 251, 266, 269, 480, 482, 504, 512, 515, 524, 879, 907, 241, 247, 250, 262, 265, 271, 274, 473, 478, 505, 508, 511, 516, 519, 522, 880, 883, 905, 256, 582, 257, 561, 581, 563, 565, 579, 564, 567, 304, 315, 342, 351, 354, 861, 586, 597, 312, 318, 321, 345, 348, 320, 347, 327, 557, 560, 590, 593, 585, 587, 595, 598, 335, 540, 365, 615, 383, 392, 395, 398, 437, 440, 449, 452, 461, 464, 571, 614, 493, 498, 602, 547, 601, 603, 502, 888, 895, 898, 544, 605, 606, 609, 860, 610, 827, 834, 837, 844, 847, 854, 857, 939, 947, 949, 773, 665, 668, 693, 701, 775, 641, 644, 648, 650, 657, 669, 673, 736, 738, 741, 640, 645, 647, 656, 672, 735, 742, 858, 646, 743, 649, 658, 737, 740, 654, 670, 677, 785, 787, 790, 805, 807, 655, 671, 678, 786, 788, 806, 664, 666, 695, 699, 702, 709, 776, 819, 663, 696, 698, 703, 705, 708, 777, 818, 697, 704, 707, 778, 792, 810, 813, 783, 791, 803, 809, 811, 745, 750, 752, 755, 760, 762, 770, 751, 753, 761, 771, 686, 689, 725, 732, 690, 726, 728, 731, 733, 727, 730, 820, 716, 822, 824, 829, 832, 839, 842, 849, 852, 722, 723, 772, 825, 828, 833, 835, 838, 843, 845, 848, 853, 856, 720, 721, 748, 756, 758, 763, 766, 768, 862, 757, 765, 767, 864, 795, 797, 815, 793, 798, 801, 814, 800, 802, 817, 830, 840, 851, 914, 917, 922, 924, 927, 962, 964, 969, 972, 974, 979, 982, 995, 1000, 913, 918, 920, 928, 960, 965, 968, 975, 978, 996, 999, 919, 929, 967, 977, 998, 923, 925, 963, 970, 973, 980, 983, 934, 937, 942, 944, 952, 935, 943, 953, 940, 945, 948, 950];

Decomposition solution:
Meaning of solution vector: [P    33 [k=4 v=0] gets set {9}, P   298 [k=4 v=0] gets set {1}, P   318 [k=4 v=0] gets set {3}, P   353 [k=4 v=0] gets set {17}, P   377 [k=4 v=0] gets set {13}, P   399 [k=4 v=0] gets set {8}, P   557 [k=4 v=0] gets set {2}, P   642 [k=4 v=0] gets set {4}, P   685 [k=4 v=0] gets set {19}, P   722 [k=4 v=0] gets set {10}, P   820 [k=4 v=0] gets set {9}, P   917 [k=4 v=0] gets set {6}, P   918 [k=4 v=0] gets set {8}, P  1002 [k=4 v=0] gets set {5}, P  1006 [k=4 v=0] gets set {15}, P  1094 [k=4 v=0] gets set {7}, P  1102 [k=4 v=0] gets set {3}, P  1121 [k=4 v=0] gets set {4}, P  1129 [k=4 v=0] gets set {10}, P  1168 [k=4 v=0] gets set {7}, P  1335 [k=4 v=0] gets set {5}, P  1498 [k=4 v=0] gets set {5}, P  1674 [k=4 v=0] gets set {9}, P  1765 [k=4 v=0] gets set {9}, P  1774 [k=4 v=0] gets set {10}, P  1948 [k=4 v=0] gets set {6}, P  1993 [k=4 v=0] gets set {3}, P  2001 [k=4 v=0] gets set {6}, P  2054 [k=4 v=0] gets set {23}, P  2057 [k=4 v=0] gets set {7}, P  2119 [k=4 v=0] gets set {7}, P  2198 [k=4 v=0] gets set {2}, P  2315 [k=4 v=0] gets set {6}, P  2367 [k=4 v=0] gets set {4}, P  2444 [k=4 v=0] gets set {9}, P  2623 [k=4 v=0] gets set {13}, P  2684 [k=4 v=0] gets set {2}, P  2763 [k=4 v=0] gets set {19}, P  2772 [k=4 v=0] gets set {2}, P  2842 [k=4 v=0] gets set {10}, P  2862 [k=4 v=0] gets set {3}, P  2895 [k=4 v=0] gets set {18}, P  2982 [k=4 v=0] gets set {8}, P  2989 [k=4 v=0] gets set {2}, P  2998 [k=4 v=0] gets set {6}, P  3026 [k=4 v=0] gets set {1}, P  3070 [k=4 v=0] gets set {1}, P  3132 [k=4 v=0] gets set {7}, P  3215 [k=4 v=0] gets set {30}, P  3217 [k=4 v=0] gets set {4}, P  3355 [k=4 v=0] gets set {6}, P  3371 [k=4 v=0] gets set {1}, P  3449 [k=4 v=0] gets set {16}, P  3572 [k=4 v=0] gets set {7}, P  3620 [k=4 v=0] gets set {4}, P  4017 [k=4 v=0] gets set {16}, P  4036 [k=4 v=0] gets set {13}, P  4074 [k=4 v=0] gets set {2}, P  4265 [k=4 v=0] gets set {19}, P  4296 [k=4 v=0] gets set {4}, P  4356 [k=4 v=0] gets set {1}, P  4496 [k=4 v=0] gets set {22}, P  4498 [k=4 v=0] gets set {11}, P  4609 [k=4 v=0] gets set {3}, P  4618 [k=4 v=0] gets set {5}, P  4725 [k=4 v=0] gets set {14}, P  4761 [k=4 v=0] gets set {1}, P  4836 [k=4 v=0] gets set {1}, P  4903 [k=4 v=0] gets set {6}, P  5202 [k=4 v=0] gets set {1}, P  5216 [k=4 v=0] gets set {26}, P  5279 [k=4 v=0] gets set {16}, P  5291 [k=4 v=0] gets set {15}, P  5375 [k=4 v=0] gets set {20}, P  5589 [k=4 v=0] gets set {5}, P  5590 [k=4 v=0] gets set {15}, P  5706 [k=4 v=0] gets set {14}, P  5732 [k=4 v=0] gets set {7}, P  5813 [k=4 v=0] gets set {12}, P  5889 [k=4 v=0] gets set {2}, P  6094 [k=4 v=0] gets set {11}, P  6185 [k=4 v=0] gets set {1}, P  6479 [k=4 v=0] gets set {7}, P  6676 [k=4 v=0] gets set {17}, P  6911 [k=4 v=0] gets set {1}, P  6921 [k=4 v=0] gets set {3}, P  6994 [k=4 v=0] gets set {9}, P  7031 [k=4 v=0] gets set {9}, P  7046 [k=4 v=0] gets set {25}, P  7144 [k=4 v=0] gets set {4}, P  7211 [k=4 v=0] gets set {8}, P  7300 [k=4 v=0] gets set {14}, P  7438 [k=4 v=0] gets set {4}, P  7664 [k=4 v=0] gets set {17}, P  7852 [k=4 v=0] gets set {1}, P  7880 [k=4 v=0] gets set {3}, P  8055 [k=4 v=0] gets set {1}, P  8088 [k=4 v=0] gets set {12}, P  8380 [k=4 v=0] gets set {2}, P  8395 [k=4 v=0] gets set {1}, P  8405 [k=4 v=0] gets set {2}, P  8407 [k=4 v=0] gets set {21}, P  8414 [k=4 v=0] gets set {4}, P  8472 [k=4 v=0] gets set {7}, P  8531 [k=4 v=0] gets set {19}, P  8571 [k=4 v=0] gets set {6}, P  8611 [k=4 v=0] gets set {7}, P  8914 [k=4 v=0] gets set {4}, P  8949 [k=4 v=0] gets set {8}, P  8978 [k=4 v=0] gets set {15}, P  8993 [k=4 v=0] gets set {5}, P  9091 [k=4 v=0] gets set {3}, P  9138 [k=4 v=0] gets set {1}, P  9155 [k=4 v=0] gets set {1}, P  9190 [k=4 v=0] gets set {6}, P  9355 [k=4 v=0] gets set {1}, P  9461 [k=4 v=0] gets set {5}, P  9645 [k=4 v=0] gets set {14}, P  9673 [k=4 v=0] gets set {17}, P  9780 [k=4 v=0] gets set {13}, P  9803 [k=4 v=0] gets set {18}]
Probabilities and corresponding integer solution:
lambda_4 = 0.042308 and welfare = 14914.304679 and x_l = [1, 1, 1, 1, 1, 1, 1, 1, 1, 1, 1, 1, 1, 1, 1, 1, 1, 1, 1, 1, 1, 1, 1, 1, 1, 1, 1, 1, 1, 1, 1, 1, 1, 1, 1, 1, 1, 1, 1, 1, 1, 1, 1, 1, 1, 1, 1, 1, 1, 1, 1, 1, 1, 1, 1, 1, 1, 1, 1, 1, 1, 1, 1, 1, 1, 1, 1, 1, 1, 1, 1, 1, 1, 1, 1, 1, 1, 1, 1, 1, 1, 1, 1, 1, 1, 1, 1, 1, 1, 1, 1, 1, 1, 1, 1, 1, 1, 1, 1, 1, 1, 1, 1, 1, 1, 1, 1, 1, 1, 1, 1, 1, 1, 1, 1, 1, 1, 0, 1, 1, 1]
lambda_5 = 0.042308 and welfare = 14933.321414 and x_l = [1, 1, 1, 1, 1, 1, 1, 1, 1, 1, 1, 1, 1, 1, 1, 1, 1, 1, 1, 1, 1, 1, 1, 1, 1, 1, 1, 1, 1, 1, 1, 1, 1, 1, 1, 1, 1, 1, 1, 1, 1, 1, 1, 1, 1, 1, 1, 1, 1, 1, 1, 1, 1, 1, 1, 1, 1, 1, 1, 1, 1, 1, 1, 1, 1, 1, 1, 1, 1, 1, 1, 1, 1, 1, 1, 1, 1, 1, 1, 1, 1, 1, 1, 1, 1, 1, 1, 1, 1, 1, 1, 1, 1, 1, 1, 1, 1, 1, 1, 1, 1, 1, 1, 1, 1, 1, 1, 1, 1, 1, 1, 1, 1, 1, 0, 0, 0, 1, 1, 1, 1]
lambda_10 = 0.192308 and welfare = 14286.950184 and x_l = [1, 1, 1, 1, 1, 1, 1, 1, 1, 1, 1, 1, 1, 1, 1, 1, 1, 1, 1, 1, 1, 1, 1, 1, 1, 1, 1, 1, 1, 1, 1, 1, 1, 1, 1, 1, 1, 1, 1, 1, 1, 1, 1, 1, 1, 1, 1, 1, 0, 1, 1, 1, 1, 1, 1, 1, 1, 1, 1, 1, 1, 1, 1, 1, 1, 1, 1, 1, 1, 1, 1, 1, 1, 1, 1, 1, 1, 1, 1, 1, 1, 1, 1, 1, 1, 1, 1, 1, 1, 1, 1, 1, 1, 1, 1, 1, 1, 1, 1, 1, 1, 1, 1, 1, 1, 1, 1, 1, 1, 1, 1, 1, 1, 1, 0, 0, 0, 0, 1, 1, 1]
lambda_20 = 0.180769 and welfare = 598.004780 and x_l = [0, 0, 0, 0, 0, 0, 0, 0, 0, 0, 0, 0, 0, 0, 0, 0, 0, 0, 0, 0, 0, 0, 0, 0, 0, 0, 0, 0, 0, 0, 0, 0, 0, 0, 0, 0, 0, 0, 0, 0, 0, 0, 0, 0, 0, 0, 0, 0, 0, 0, 0, 0, 0, 0, 0, 0, 0, 0, 0, 0, 0, 0, 0, 0, 0, 0, 0, 0, 0, 0, 0, 0, 0, 0, 0, 0, 0, 0, 0, 0, 0, 0, 0, 0, 0, 0, 0, 0, 0, 0, 0, 0, 0, 0, 0, 0, 0, 0, 0, 0, 0, 0, 0, 0, 0, 0, 0, 0, 0, 0, 0, 0, 0, 0, 1, 1, 1, 1, 0, 1, 0]
lambda_42 = 0.042308 and welfare = 14468.140604 and x_l = [1, 1, 1, 1, 1, 1, 1, 1, 1, 1, 1, 1, 1, 1, 1, 1, 1, 1, 1, 1, 1, 1, 1, 1, 1, 1, 1, 1, 1, 1, 1, 1, 1, 1, 1, 1, 1, 1, 1, 1, 1, 1, 1, 1, 1, 1, 1, 1, 1, 1, 1, 1, 1, 1, 1, 1, 1, 1, 1, 1, 1, 1, 1, 1, 1, 1, 1, 1, 1, 1, 1, 1, 1, 1, 1, 1, 1, 1, 1, 1, 1, 1, 1, 1, 1, 1, 1, 1, 1, 1, 1, 1, 1, 1, 1, 1, 1, 1, 1, 1, 1, 1, 1, 1, 1, 1, 1, 1, 1, 1, 1, 1, 1, 1, 0, 0, 0, 0, 0, 1, 1]
lambda_45 = 0.138462 and welfare = 673.892009 and x_l = [0, 0, 0, 0, 0, 0, 0, 0, 0, 0, 0, 0, 0, 0, 0, 0, 0, 0, 0, 0, 0, 0, 0, 0, 0, 0, 0, 0, 0, 0, 0, 0, 0, 0, 0, 0, 0, 0, 0, 0, 0, 0, 0, 0, 0, 0, 0, 0, 0, 0, 0, 0, 0, 0, 0, 0, 0, 0, 0, 0, 0, 0, 0, 0, 0, 0, 0, 0, 0, 0, 0, 0, 0, 0, 0, 0, 0, 0, 0, 0, 0, 0, 0, 0, 0, 0, 0, 0, 0, 0, 0, 0, 0, 0, 0, 0, 0, 0, 0, 0, 0, 0, 0, 0, 0, 0, 0, 0, 0, 0, 0, 0, 0, 0, 1, 1, 1, 1, 0, 0, 1]
lambda_67 = 0.042308 and welfare = 1117.221678 and x_l = [0, 0, 0, 0, 0, 0, 0, 0, 0, 0, 0, 0, 0, 0, 0, 0, 0, 0, 0, 0, 0, 0, 0, 0, 0, 0, 0, 0, 0, 0, 0, 0, 0, 0, 0, 0, 0, 0, 0, 0, 0, 0, 0, 0, 0, 0, 0, 0, 1, 0, 0, 0, 0, 0, 0, 0, 0, 0, 0, 0, 0, 0, 0, 0, 0, 0, 0, 0, 0, 0, 0, 0, 0, 0, 0, 0, 0, 0, 0, 0, 0, 0, 0, 0, 0, 0, 0, 0, 0, 0, 0, 0, 0, 0, 0, 0, 0, 0, 0, 0, 0, 0, 0, 0, 0, 0, 0, 0, 0, 0, 1, 1, 1, 1, 0, 0, 0, 0, 1, 0, 1]
lambda_73 = 0.180769 and welfare = 14098.931759 and x_l = [1, 1, 1, 1, 1, 1, 1, 1, 1, 1, 1, 1, 1, 1, 1, 1, 1, 1, 1, 1, 1, 1, 1, 1, 1, 1, 1, 1, 1, 1, 1, 1, 1, 1, 1, 1, 1, 1, 1, 1, 1, 1, 1, 1, 1, 1, 1, 1, 1, 1, 1, 1, 1, 1, 1, 1, 1, 1, 1, 1, 1, 1, 1, 1, 1, 1, 1, 1, 1, 1, 1, 1, 1, 1, 1, 1, 1, 1, 1, 1, 1, 1, 1, 1, 1, 1, 1, 1, 1, 1, 1, 1, 1, 1, 1, 1, 1, 1, 1, 1, 1, 1, 1, 1, 1, 1, 1, 1, 1, 1, 0, 0, 0, 0, 0, 0, 0, 0, 1, 0, 0]
lambda_90 = 0.138462 and welfare = 563.935167 and x_l = [0, 0, 0, 0, 0, 0, 0, 0, 0, 0, 0, 0, 0, 0, 0, 0, 0, 0, 0, 0, 0, 0, 0, 0, 0, 0, 0, 0, 0, 0, 0, 0, 0, 0, 0, 0, 0, 0, 0, 0, 0, 0, 0, 0, 0, 0, 0, 0, 0, 0, 0, 0, 0, 0, 0, 0, 0, 0, 0, 0, 0, 0, 0, 0, 0, 0, 0, 0, 0, 0, 0, 0, 0, 0, 0, 0, 0, 0, 0, 0, 0, 0, 0, 0, 0, 0, 0, 0, 0, 0, 0, 0, 0, 0, 0, 0, 0, 0, 0, 0, 0, 0, 0, 0, 0, 0, 0, 0, 0, 0, 1, 1, 1, 1, 1, 1, 1, 1, 0, 0, 0]
lambda_else = 0
Using 9 out of 109 integer solutions.
Expected social welfare: 7497.800681
Objective value of primal LP: 1.000000


