Analysis results no. 6

Ellipsoid method stopped in iteration 1000 because reached N.
Ellipsoid parameters: cut=shallow; eps=0.000000; N=1000; R=11.045361.
Ellipsoid performance: runtime=1797.510099 sec.; constraint-cuts=528.

First iteration in which primal was feasible: 9.
In total 161 integer solutions where found, whereas 13 where used by primal.

Solution quality:
Expected social welfare=7497.800681
Absolute deviation=6550.661366
Variance=43166969.950759
Standard deviation=6570.157529
Coefficient of variation=0.876278

Distribution of constraint cuts:
cons_cuts=[2, 3, 5, 7, 9, 11, 13, 15, 17, 19, 21, 23, 25, 27, 29, 31, 33, 35, 37, 39, 41, 43, 45, 47, 49, 50, 52, 54, 56, 58, 60, 62, 64, 66, 68, 70, 72, 74, 76, 78, 80, 82, 84, 86, 88, 90, 92, 94, 96, 98, 100, 102, 104, 105, 107, 109, 111, 113, 115, 117, 119, 121, 123, 125, 127, 129, 131, 133, 135, 137, 138, 139, 140, 141, 143, 145, 147, 149, 151, 153, 155, 157, 159, 161, 163, 165, 167, 168, 170, 172, 174, 176, 178, 180, 182, 184, 186, 188, 190, 192, 194, 196, 198, 200, 202, 204, 206, 208, 210, 212, 213, 215, 217, 219, 221, 223, 225, 227, 229, 231, 233, 235, 237, 239, 241, 243, 245, 247, 249, 251, 252, 254, 255, 256, 257, 259, 261, 263, 265, 267, 269, 271, 272, 274, 276, 278, 280, 282, 284, 286, 288, 290, 292, 294, 296, 298, 300, 302, 304, 306, 308, 310, 312, 313, 315, 317, 319, 321, 323, 325, 327, 329, 331, 333, 335, 337, 339, 341, 343, 345, 347, 349, 351, 353, 355, 357, 359, 361, 363, 364, 366, 367, 368, 369, 371, 373, 375, 377, 379, 381, 383, 385, 387, 389, 391, 393, 395, 396, 398, 400, 402, 404, 406, 408, 410, 412, 414, 416, 418, 420, 422, 424, 426, 428, 430, 432, 434, 436, 437, 439, 441, 443, 445, 447, 449, 451, 453, 455, 457, 459, 461, 463, 465, 466, 468, 469, 470, 472, 473, 475, 477, 479, 481, 483, 485, 487, 489, 491, 493, 495, 497, 498, 500, 502, 504, 506, 508, 510, 512, 514, 516, 518, 520, 522, 524, 526, 528, 530, 532, 534, 536, 538, 540, 542, 544, 546, 547, 549, 551, 553, 555, 557, 559, 561, 563, 564, 566, 567, 568, 570, 571, 573, 575, 577, 579, 581, 583, 585, 587, 589, 591, 593, 595, 597, 599, 601, 603, 604, 606, 608, 610, 612, 614, 616, 618, 620, 622, 624, 626, 628, 630, 632, 634, 636, 638, 640, 642, 643, 645, 647, 649, 650, 651, 653, 654, 656, 658, 660, 661, 663, 665, 667, 669, 671, 673, 675, 677, 679, 681, 683, 685, 687, 689, 691, 692, 694, 696, 698, 700, 702, 704, 706, 708, 710, 712, 714, 716, 718, 720, 722, 724, 726, 728, 730, 732, 734, 736, 737, 739, 741, 742, 743, 744, 746, 748, 750, 751, 753, 755, 757, 759, 761, 763, 765, 767, 769, 771, 773, 775, 776, 778, 780, 782, 784, 786, 788, 790, 792, 794, 796, 798, 800, 802, 804, 806, 808, 810, 812, 814, 815, 817, 819, 821, 823, 825, 827, 829, 830, 832, 833, 834, 836, 837, 839, 841, 843, 845, 847, 849, 851, 853, 855, 857, 859, 861, 863, 865, 867, 869, 870, 872, 874, 876, 878, 880, 882, 884, 886, 888, 890, 892, 894, 896, 898, 900, 902, 904, 906, 908, 909, 911, 913, 915, 917, 919, 921, 923, 925, 927, 929, 931, 933, 935, 937, 938, 940, 941, 942, 943, 945, 947, 949, 951, 953, 954, 956, 958, 960, 962, 964, 966, 968, 970, 972, 974, 976, 978, 980, 982, 984, 986, 988, 989, 991, 993, 995, 997, 999];
Distribution of found integer solutions:
int_sols=[2, 3, 9, 21, 33, 39, 50, 52, 54, 64, 66, 92, 105, 107, 109, 111, 113, 119, 131, 135, 137, 139, 143, 145, 167, 168, 170, 172, 174, 176, 213, 215, 217, 219, 245, 247, 251, 252, 254, 259, 261, 263, 306, 312, 313, 315, 317, 319, 329, 351, 357, 359, 361, 363, 364, 366, 371, 373, 396, 398, 400, 418, 422, 432, 437, 439, 441, 443, 461, 465, 466, 468, 472, 475, 479, 495, 498, 500, 502, 508, 547, 549, 551, 553, 570, 571, 573, 575, 604, 606, 608, 610, 614, 636, 643, 645, 647, 649, 650, 653, 656, 658, 660, 692, 694, 696, 698, 710, 734, 736, 737, 739, 741, 742, 746, 751, 753, 755, 757, 759, 771, 776, 778, 780, 782, 784, 792, 814, 815, 817, 819, 821, 830, 832, 836, 839, 845, 870, 872, 874, 876, 878, 882, 890, 913, 915, 938, 940, 941, 945, 947, 949, 953, 954, 964, 980, 989, 991, 993, 995, 997];
Distribution of found duplicates:
int_dupl=[5, 7, 11, 13, 17, 19, 23, 25, 29, 31, 37, 43, 49, 76, 82, 88, 90, 115, 149, 153, 155, 159, 180, 186, 188, 192, 194, 225, 274, 280, 282, 321, 333, 339, 381, 383, 387, 389, 408, 434, 447, 481, 497, 514, 516, 520, 522, 579, 583, 589, 591, 616, 618, 622, 665, 675, 702, 765, 773, 786, 798, 800, 851, 867, 888, 896, 900, 902, 921, 923, 972, 999, 138, 566, 15, 147, 151, 581, 27, 35, 41, 47, 60, 68, 74, 80, 86, 94, 100, 121, 127, 133, 157, 165, 178, 184, 190, 198, 204, 210, 223, 231, 237, 243, 249, 271, 278, 284, 290, 296, 304, 310, 323, 337, 343, 349, 355, 377, 379, 385, 391, 406, 412, 424, 430, 445, 451, 457, 463, 487, 493, 506, 512, 518, 526, 532, 538, 544, 559, 587, 593, 601, 620, 626, 634, 640, 667, 673, 679, 685, 700, 706, 712, 718, 726, 732, 790, 796, 804, 810, 823, 853, 859, 865, 886, 892, 898, 904, 919, 925, 931, 970, 978, 984, 58, 70, 235, 353, 689, 794, 894, 45, 62, 72, 78, 84, 96, 117, 123, 161, 200, 206, 212, 227, 276, 286, 325, 341, 393, 395, 402, 404, 410, 449, 483, 524, 528, 595, 624, 677, 775, 802, 806, 855, 906, 908, 927, 974, 56, 98, 102, 125, 163, 182, 202, 208, 239, 288, 292, 335, 345, 426, 485, 530, 534, 536, 597, 628, 669, 681, 704, 720, 788, 808, 825, 841, 843, 847, 849, 857, 929, 976, 104, 129, 196, 221, 229, 294, 308, 331, 347, 414, 453, 491, 540, 542, 630, 671, 683, 708, 812, 861, 960, 962, 966, 968, 233, 300, 416, 436, 455, 599, 687, 724, 863, 884, 933, 956, 716, 869, 140, 141, 255, 256, 257, 272, 367, 368, 369, 469, 470, 473, 567, 568, 654, 661, 743, 744, 833, 834, 837, 942, 943, 241, 298, 327, 420, 489, 546, 632, 722, 585, 302, 428, 638, 880, 986, 265, 267, 269, 642, 982, 603, 917, 555, 728, 767, 827, 935, 459, 557, 691, 714, 769, 561, 730, 829, 937, 375, 510, 988, 504, 563, 564, 651, 477, 612, 663, 577, 909, 911, 748, 750, 763, 761, 951, 958];

Decomposition solution:
Meaning of solution vector: [P    33 [k=4 v=0] gets set {9}, P   298 [k=4 v=0] gets set {1}, P   318 [k=4 v=0] gets set {3}, P   353 [k=4 v=0] gets set {17}, P   377 [k=4 v=0] gets set {13}, P   399 [k=4 v=0] gets set {8}, P   557 [k=4 v=0] gets set {2}, P   642 [k=4 v=0] gets set {4}, P   685 [k=4 v=0] gets set {19}, P   722 [k=4 v=0] gets set {10}, P   820 [k=4 v=0] gets set {9}, P   917 [k=4 v=0] gets set {6}, P   918 [k=4 v=0] gets set {8}, P  1002 [k=4 v=0] gets set {5}, P  1006 [k=4 v=0] gets set {15}, P  1094 [k=4 v=0] gets set {7}, P  1102 [k=4 v=0] gets set {3}, P  1121 [k=4 v=0] gets set {4}, P  1129 [k=4 v=0] gets set {10}, P  1168 [k=4 v=0] gets set {7}, P  1335 [k=4 v=0] gets set {5}, P  1498 [k=4 v=0] gets set {5}, P  1674 [k=4 v=0] gets set {9}, P  1765 [k=4 v=0] gets set {9}, P  1774 [k=4 v=0] gets set {10}, P  1948 [k=4 v=0] gets set {6}, P  1993 [k=4 v=0] gets set {3}, P  2001 [k=4 v=0] gets set {6}, P  2054 [k=4 v=0] gets set {23}, P  2057 [k=4 v=0] gets set {7}, P  2119 [k=4 v=0] gets set {7}, P  2198 [k=4 v=0] gets set {2}, P  2315 [k=4 v=0] gets set {6}, P  2367 [k=4 v=0] gets set {4}, P  2444 [k=4 v=0] gets set {9}, P  2623 [k=4 v=0] gets set {13}, P  2684 [k=4 v=0] gets set {2}, P  2763 [k=4 v=0] gets set {19}, P  2772 [k=4 v=0] gets set {2}, P  2842 [k=4 v=0] gets set {10}, P  2862 [k=4 v=0] gets set {3}, P  2895 [k=4 v=0] gets set {18}, P  2982 [k=4 v=0] gets set {8}, P  2989 [k=4 v=0] gets set {2}, P  2998 [k=4 v=0] gets set {6}, P  3026 [k=4 v=0] gets set {1}, P  3070 [k=4 v=0] gets set {1}, P  3132 [k=4 v=0] gets set {7}, P  3215 [k=4 v=0] gets set {30}, P  3217 [k=4 v=0] gets set {4}, P  3355 [k=4 v=0] gets set {6}, P  3371 [k=4 v=0] gets set {1}, P  3449 [k=4 v=0] gets set {16}, P  3572 [k=4 v=0] gets set {7}, P  3620 [k=4 v=0] gets set {4}, P  4017 [k=4 v=0] gets set {16}, P  4036 [k=4 v=0] gets set {13}, P  4074 [k=4 v=0] gets set {2}, P  4265 [k=4 v=0] gets set {19}, P  4296 [k=4 v=0] gets set {4}, P  4356 [k=4 v=0] gets set {1}, P  4496 [k=4 v=0] gets set {22}, P  4498 [k=4 v=0] gets set {11}, P  4609 [k=4 v=0] gets set {3}, P  4618 [k=4 v=0] gets set {5}, P  4725 [k=4 v=0] gets set {14}, P  4761 [k=4 v=0] gets set {1}, P  4836 [k=4 v=0] gets set {1}, P  4903 [k=4 v=0] gets set {6}, P  5202 [k=4 v=0] gets set {1}, P  5216 [k=4 v=0] gets set {26}, P  5279 [k=4 v=0] gets set {16}, P  5291 [k=4 v=0] gets set {15}, P  5375 [k=4 v=0] gets set {20}, P  5589 [k=4 v=0] gets set {5}, P  5590 [k=4 v=0] gets set {15}, P  5706 [k=4 v=0] gets set {14}, P  5732 [k=4 v=0] gets set {7}, P  5813 [k=4 v=0] gets set {12}, P  5889 [k=4 v=0] gets set {2}, P  6094 [k=4 v=0] gets set {11}, P  6185 [k=4 v=0] gets set {1}, P  6479 [k=4 v=0] gets set {7}, P  6676 [k=4 v=0] gets set {17}, P  6911 [k=4 v=0] gets set {1}, P  6921 [k=4 v=0] gets set {3}, P  6994 [k=4 v=0] gets set {9}, P  7031 [k=4 v=0] gets set {9}, P  7046 [k=4 v=0] gets set {25}, P  7144 [k=4 v=0] gets set {4}, P  7211 [k=4 v=0] gets set {8}, P  7300 [k=4 v=0] gets set {14}, P  7438 [k=4 v=0] gets set {4}, P  7664 [k=4 v=0] gets set {17}, P  7852 [k=4 v=0] gets set {1}, P  7880 [k=4 v=0] gets set {3}, P  8055 [k=4 v=0] gets set {1}, P  8088 [k=4 v=0] gets set {12}, P  8380 [k=4 v=0] gets set {2}, P  8395 [k=4 v=0] gets set {1}, P  8405 [k=4 v=0] gets set {2}, P  8407 [k=4 v=0] gets set {21}, P  8414 [k=4 v=0] gets set {4}, P  8472 [k=4 v=0] gets set {7}, P  8531 [k=4 v=0] gets set {19}, P  8571 [k=4 v=0] gets set {6}, P  8611 [k=4 v=0] gets set {7}, P  8914 [k=4 v=0] gets set {4}, P  8949 [k=4 v=0] gets set {8}, P  8978 [k=4 v=0] gets set {15}, P  8993 [k=4 v=0] gets set {5}, P  9091 [k=4 v=0] gets set {3}, P  9138 [k=4 v=0] gets set {1}, P  9155 [k=4 v=0] gets set {1}, P  9190 [k=4 v=0] gets set {6}, P  9355 [k=4 v=0] gets set {1}, P  9461 [k=4 v=0] gets set {5}, P  9645 [k=4 v=0] gets set {14}, P  9673 [k=4 v=0] gets set {17}, P  9780 [k=4 v=0] gets set {13}, P  9803 [k=4 v=0] gets set {18}]
Probabilities and corresponding integer solution:
lambda_1 = 0.011111 and welfare = 269.511742 and x_l = [0, 0, 0, 0, 0, 0, 0, 0, 0, 0, 0, 0, 0, 0, 0, 0, 0, 0, 0, 0, 0, 0, 0, 0, 0, 0, 0, 0, 0, 0, 0, 0, 0, 0, 0, 0, 0, 0, 0, 0, 0, 0, 0, 0, 0, 0, 0, 0, 0, 0, 0, 0, 0, 0, 0, 0, 0, 0, 0, 0, 0, 0, 0, 0, 0, 0, 0, 0, 0, 0, 0, 0, 0, 0, 0, 0, 0, 0, 0, 0, 0, 0, 0, 0, 0, 0, 0, 0, 0, 0, 0, 0, 0, 0, 0, 0, 0, 0, 0, 0, 0, 0, 0, 0, 0, 0, 0, 0, 0, 0, 0, 0, 0, 0, 0, 0, 0, 0, 0, 0, 1]
lambda_31 = 0.161111 and welfare = 14197.686115 and x_l = [1, 1, 1, 1, 1, 1, 1, 1, 1, 1, 1, 1, 1, 1, 1, 1, 1, 1, 1, 1, 1, 1, 1, 1, 1, 1, 1, 1, 1, 1, 1, 1, 1, 1, 1, 1, 1, 1, 1, 1, 1, 1, 1, 1, 1, 1, 1, 1, 1, 1, 1, 1, 1, 1, 1, 1, 1, 1, 1, 1, 1, 1, 1, 1, 1, 1, 1, 1, 1, 1, 1, 1, 1, 1, 1, 1, 1, 1, 1, 1, 1, 1, 1, 1, 1, 1, 1, 1, 1, 1, 1, 1, 1, 1, 1, 1, 1, 1, 1, 1, 1, 1, 1, 1, 1, 1, 1, 1, 1, 1, 1, 1, 1, 1, 1, 1, 1, 0, 0, 0, 0]
lambda_50 = 0.005556 and welfare = 14953.256653 and x_l = [1, 1, 1, 1, 1, 1, 1, 1, 1, 1, 1, 1, 1, 1, 1, 1, 1, 1, 1, 1, 1, 1, 1, 1, 1, 1, 1, 1, 1, 1, 1, 1, 1, 1, 1, 1, 1, 1, 1, 1, 1, 1, 1, 1, 1, 1, 1, 1, 1, 1, 1, 1, 1, 1, 1, 1, 1, 1, 1, 1, 1, 1, 1, 1, 1, 1, 1, 1, 1, 1, 1, 1, 1, 1, 1, 1, 1, 1, 1, 1, 1, 1, 1, 1, 1, 1, 1, 1, 1, 1, 1, 1, 1, 1, 1, 1, 1, 1, 1, 1, 1, 1, 0, 0, 1, 1, 1, 1, 1, 1, 1, 1, 1, 1, 1, 1, 1, 1, 1, 1, 1]
lambda_64 = 0.144444 and welfare = 1432.721717 and x_l = [0, 0, 0, 0, 0, 0, 0, 0, 0, 0, 0, 0, 0, 0, 0, 0, 0, 0, 0, 0, 0, 0, 0, 0, 0, 0, 0, 0, 0, 0, 0, 0, 0, 0, 0, 0, 0, 0, 0, 0, 0, 0, 0, 0, 0, 0, 0, 0, 0, 0, 0, 0, 0, 0, 0, 0, 0, 0, 0, 0, 0, 0, 0, 0, 0, 0, 0, 0, 0, 0, 0, 0, 0, 0, 0, 0, 0, 0, 0, 0, 0, 0, 0, 0, 0, 0, 0, 0, 0, 0, 0, 0, 0, 0, 0, 0, 0, 0, 0, 0, 0, 0, 0, 0, 0, 0, 1, 1, 1, 1, 0, 0, 0, 0, 1, 0, 1, 1, 1, 0, 1]
lambda_65 = 0.144444 and welfare = 13528.120476 and x_l = [1, 1, 1, 1, 1, 1, 1, 1, 1, 1, 1, 1, 1, 1, 1, 1, 1, 1, 1, 1, 1, 1, 1, 1, 1, 1, 1, 1, 1, 1, 1, 1, 1, 1, 1, 1, 1, 1, 1, 1, 1, 1, 1, 1, 1, 1, 1, 1, 0, 1, 1, 1, 1, 1, 1, 1, 1, 1, 1, 1, 1, 1, 1, 1, 1, 1, 1, 1, 1, 1, 1, 1, 1, 1, 1, 1, 1, 1, 1, 1, 1, 1, 1, 1, 1, 1, 1, 1, 1, 1, 1, 1, 1, 1, 1, 1, 1, 1, 1, 1, 1, 1, 1, 1, 1, 1, 0, 0, 0, 0, 1, 1, 1, 1, 0, 1, 0, 0, 0, 1, 1]
lambda_69 = 0.005556 and welfare = 3711.812437 and x_l = [0, 0, 0, 0, 0, 0, 0, 0, 0, 0, 0, 0, 0, 0, 0, 0, 0, 0, 0, 0, 0, 0, 0, 0, 0, 0, 0, 0, 0, 0, 0, 0, 0, 0, 0, 0, 0, 0, 0, 0, 0, 0, 0, 0, 0, 0, 0, 0, 1, 0, 0, 0, 0, 0, 0, 0, 0, 0, 0, 0, 0, 0, 0, 0, 0, 0, 0, 0, 0, 0, 1, 0, 0, 0, 0, 0, 0, 0, 0, 0, 0, 0, 0, 0, 0, 0, 0, 0, 0, 0, 0, 0, 0, 0, 0, 0, 0, 1, 1, 0, 1, 1, 1, 1, 1, 1, 1, 1, 1, 1, 1, 1, 1, 1, 1, 1, 1, 1, 1, 1, 1]
lambda_82 = 0.005556 and welfare = 14545.863111 and x_l = [1, 1, 1, 1, 1, 1, 1, 1, 1, 1, 1, 1, 1, 1, 1, 1, 1, 1, 1, 1, 1, 1, 1, 1, 1, 1, 1, 1, 1, 1, 1, 1, 1, 1, 1, 1, 1, 1, 1, 1, 1, 1, 1, 1, 1, 1, 1, 1, 1, 1, 1, 1, 1, 1, 1, 1, 1, 1, 1, 1, 1, 1, 1, 1, 1, 1, 1, 1, 1, 1, 1, 1, 1, 1, 1, 1, 1, 1, 1, 1, 1, 1, 1, 1, 1, 1, 1, 1, 1, 1, 1, 1, 1, 1, 1, 1, 1, 1, 1, 1, 1, 1, 1, 1, 1, 1, 1, 1, 1, 1, 1, 1, 1, 1, 0, 1, 0, 0, 1, 0, 1]
lambda_114 = 0.005556 and welfare = 13371.440375 and x_l = [1, 1, 1, 1, 1, 1, 1, 1, 1, 1, 1, 1, 1, 1, 1, 1, 1, 1, 1, 1, 1, 1, 1, 1, 1, 1, 1, 1, 1, 1, 1, 1, 1, 1, 1, 1, 1, 1, 1, 1, 1, 1, 1, 1, 1, 1, 1, 1, 0, 1, 1, 1, 1, 1, 1, 1, 1, 1, 1, 1, 1, 1, 1, 1, 1, 1, 1, 1, 1, 1, 0, 1, 1, 1, 1, 1, 1, 1, 1, 1, 1, 1, 1, 1, 1, 1, 1, 1, 1, 1, 1, 1, 1, 1, 1, 1, 1, 1, 1, 1, 1, 1, 1, 1, 0, 0, 1, 1, 1, 1, 1, 0, 0, 0, 1, 0, 1, 0, 0, 1, 1]
lambda_128 = 0.172222 and welfare = 1206.128474 and x_l = [0, 0, 0, 0, 0, 0, 0, 0, 0, 0, 0, 0, 0, 0, 0, 0, 0, 0, 0, 0, 0, 0, 0, 0, 0, 0, 0, 0, 0, 0, 0, 0, 0, 0, 0, 0, 0, 0, 0, 0, 0, 0, 0, 0, 0, 0, 0, 0, 0, 0, 0, 0, 0, 0, 0, 0, 0, 0, 0, 0, 0, 0, 0, 0, 0, 0, 0, 0, 0, 0, 0, 0, 0, 0, 0, 0, 0, 0, 0, 0, 0, 0, 0, 0, 0, 0, 0, 0, 0, 0, 0, 0, 0, 0, 0, 0, 0, 0, 0, 0, 0, 0, 0, 0, 0, 0, 0, 0, 0, 1, 0, 0, 1, 1, 0, 1, 0, 1, 1, 1, 1]
lambda_130 = 0.166667 and welfare = 14366.981527 and x_l = [1, 1, 1, 1, 1, 1, 1, 1, 1, 1, 1, 1, 1, 1, 1, 1, 1, 1, 1, 1, 1, 1, 1, 1, 1, 1, 1, 1, 1, 1, 1, 1, 1, 1, 1, 1, 1, 1, 1, 1, 1, 1, 1, 1, 1, 1, 1, 1, 1, 1, 1, 1, 1, 1, 1, 1, 1, 1, 1, 1, 1, 1, 1, 1, 1, 1, 1, 1, 1, 1, 1, 1, 1, 1, 1, 1, 1, 1, 1, 1, 1, 1, 1, 1, 1, 1, 1, 1, 1, 1, 1, 1, 1, 1, 1, 1, 1, 1, 1, 1, 1, 1, 1, 1, 1, 1, 1, 1, 1, 0, 1, 1, 0, 0, 1, 0, 1, 0, 1, 1, 0]
lambda_149 = 0.005556 and welfare = 13183.840067 and x_l = [1, 1, 1, 1, 1, 1, 1, 1, 1, 1, 1, 1, 1, 1, 1, 1, 1, 1, 1, 1, 1, 1, 1, 1, 1, 1, 1, 1, 1, 1, 1, 1, 1, 1, 1, 1, 1, 1, 1, 1, 1, 1, 1, 1, 1, 1, 1, 1, 0, 1, 1, 1, 1, 1, 1, 1, 1, 1, 1, 1, 1, 1, 1, 1, 1, 1, 1, 1, 1, 1, 1, 1, 1, 1, 1, 1, 1, 1, 1, 1, 1, 1, 1, 1, 1, 1, 1, 1, 1, 1, 1, 1, 1, 1, 1, 1, 1, 0, 0, 1, 0, 0, 1, 1, 1, 1, 1, 1, 1, 0, 1, 1, 1, 1, 1, 0, 1, 1, 0, 0, 0]
lambda_153 = 0.166667 and welfare = 211.698501 and x_l = [0, 0, 0, 0, 0, 0, 0, 0, 0, 0, 0, 0, 0, 0, 0, 0, 0, 0, 0, 0, 0, 0, 0, 0, 0, 0, 0, 0, 0, 0, 0, 0, 0, 0, 0, 0, 0, 0, 0, 0, 0, 0, 0, 0, 0, 0, 0, 0, 0, 0, 0, 0, 0, 0, 0, 0, 0, 0, 0, 0, 0, 0, 0, 0, 0, 0, 0, 0, 0, 0, 0, 0, 0, 0, 0, 0, 0, 0, 0, 0, 0, 0, 0, 0, 0, 0, 0, 0, 0, 0, 0, 0, 0, 0, 0, 0, 0, 0, 0, 0, 0, 0, 0, 0, 0, 0, 0, 0, 0, 0, 0, 0, 0, 0, 0, 0, 0, 1, 0, 0, 0]
lambda_158 = 0.005556 and welfare = 13833.708473 and x_l = [1, 1, 1, 1, 1, 1, 1, 1, 1, 1, 1, 1, 1, 1, 1, 1, 1, 1, 1, 1, 1, 1, 1, 1, 1, 1, 1, 1, 1, 1, 1, 1, 1, 1, 1, 1, 1, 1, 1, 1, 1, 1, 1, 1, 1, 1, 1, 1, 1, 1, 1, 1, 1, 1, 1, 1, 1, 1, 1, 1, 1, 1, 1, 1, 1, 1, 1, 1, 1, 1, 1, 1, 1, 1, 1, 1, 1, 1, 1, 1, 1, 1, 1, 1, 1, 1, 1, 1, 1, 1, 1, 1, 1, 1, 1, 1, 1, 1, 1, 1, 1, 1, 1, 1, 1, 1, 0, 0, 0, 0, 0, 1, 0, 0, 1, 1, 1, 0, 0, 0, 1]
lambda_else = 0
Using 13 out of 161 integer solutions.
Expected social welfare: 7497.800681
Objective value of primal LP: 1.000000


