Analysis results no. 14

Ellipsoid method stopped in iteration 1000 because reached N.
Ellipsoid parameters: cut=deep; eps=0.000000; N=1000; R=11.045361.
Ellipsoid performance: runtime=1354.907916 sec.; constraint-cuts=614.

First iteration in which primal was feasible: 9.
In total 59 integer solutions where found, whereas 6 where used by primal.

Solution quality:
Expected social welfare=7497.800681
Absolute deviation=6707.521562
Variance=45027208.727129
Standard deviation=6710.231645
Coefficient of variation=0.894960

Distribution of constraint cuts:
cons_cuts=[2, 4, 6, 9, 12, 15, 18, 20, 22, 25, 28, 31, 33, 35, 38, 41, 44, 46, 48, 51, 54, 56, 58, 61, 64, 66, 68, 71, 74, 76, 78, 81, 84, 86, 88, 91, 94, 96, 98, 101, 103, 105, 108, 110, 112, 115, 117, 119, 122, 124, 126, 129, 131, 133, 136, 138, 140, 143, 145, 147, 150, 152, 154, 156, 159, 161, 163, 165, 167, 170, 172, 173, 176, 178, 179, 182, 184, 185, 188, 190, 191, 194, 196, 197, 200, 202, 204, 206, 208, 210, 212, 214, 216, 218, 220, 222, 224, 226, 228, 230, 232, 234, 236, 238, 240, 242, 244, 246, 248, 250, 252, 254, 256, 258, 260, 262, 264, 266, 267, 269, 271, 273, 275, 277, 279, 281, 283, 285, 286, 288, 290, 292, 294, 296, 297, 299, 301, 303, 305, 307, 309, 310, 312, 314, 316, 317, 319, 321, 323, 325, 327, 328, 330, 332, 334, 335, 337, 339, 341, 342, 344, 346, 348, 350, 352, 353, 355, 357, 359, 360, 362, 364, 366, 367, 369, 371, 373, 374, 376, 377, 379, 381, 383, 384, 386, 388, 390, 391, 393, 395, 397, 398, 400, 402, 404, 405, 407, 409, 411, 412, 414, 416, 418, 419, 421, 422, 424, 426, 427, 429, 430, 432, 434, 436, 437, 439, 441, 442, 444, 445, 447, 449, 450, 452, 454, 455, 457, 458, 460, 462, 463, 465, 467, 468, 470, 471, 473, 475, 476, 478, 479, 481, 482, 484, 486, 487, 489, 490, 492, 494, 495, 497, 498, 500, 501, 503, 504, 506, 507, 509, 510, 512, 513, 515, 516, 518, 519, 521, 523, 524, 526, 527, 529, 530, 532, 534, 535, 537, 538, 540, 541, 543, 544, 546, 547, 549, 550, 552, 553, 555, 556, 558, 559, 561, 562, 564, 565, 567, 569, 570, 572, 573, 575, 576, 578, 579, 581, 582, 584, 585, 587, 588, 590, 592, 593, 595, 596, 598, 599, 601, 602, 604, 605, 607, 608, 610, 611, 613, 614, 616, 617, 619, 620, 622, 623, 625, 626, 628, 629, 631, 632, 634, 636, 637, 639, 640, 642, 643, 645, 646, 648, 649, 651, 652, 654, 655, 657, 658, 660, 661, 663, 664, 666, 667, 669, 670, 672, 673, 675, 676, 678, 679, 681, 682, 683, 685, 686, 687, 688, 690, 691, 692, 693, 694, 696, 697, 698, 699, 700, 702, 703, 704, 705, 707, 708, 709, 710, 712, 713, 714, 715, 717, 718, 719, 721, 722, 723, 724, 726, 727, 728, 730, 731, 732, 733, 735, 736, 737, 739, 740, 741, 743, 744, 745, 747, 748, 749, 751, 752, 753, 755, 756, 757, 758, 760, 761, 762, 763, 765, 766, 767, 769, 770, 771, 772, 774, 775, 776, 778, 779, 780, 782, 783, 784, 786, 787, 788, 790, 791, 792, 794, 795, 796, 798, 799, 801, 802, 803, 805, 806, 807, 809, 810, 811, 813, 814, 815, 817, 818, 819, 821, 822, 823, 825, 826, 827, 829, 830, 831, 833, 834, 835, 837, 838, 839, 841, 842, 843, 845, 846, 847, 849, 850, 851, 853, 854, 855, 857, 858, 859, 861, 862, 864, 865, 866, 868, 869, 870, 872, 873, 874, 876, 877, 878, 880, 881, 882, 884, 885, 887, 888, 889, 891, 892, 893, 895, 896, 897, 899, 900, 901, 903, 904, 905, 907, 908, 909, 911, 912, 913, 915, 916, 917, 919, 920, 921, 923, 924, 926, 927, 928, 930, 931, 932, 934, 935, 937, 938, 939, 941, 942, 943, 945, 946, 948, 949, 950, 952, 953, 954, 956, 957, 958, 960, 961, 963, 964, 965, 967, 968, 969, 971, 972, 973, 975, 976, 977, 979, 980, 981, 983, 984, 985, 987, 988, 989, 991, 992, 993, 995, 996, 998, 999, 1000];
Distribution of found integer solutions:
int_sols=[2, 4, 9, 18, 20, 56, 110, 159, 161, 163, 165, 170, 172, 173, 178, 179, 182, 184, 190, 191, 194, 216, 218, 222, 224, 286, 319, 327, 362, 364, 366, 683, 685, 686, 687, 688, 690, 692, 700, 702, 756, 757, 758, 760, 761, 762, 763, 766, 778, 779, 780, 783, 806, 807, 811, 813, 819, 827, 845];
Distribution of found duplicates:
int_dupl=[6, 12, 15, 35, 41, 44, 51, 54, 61, 64, 68, 74, 78, 84, 108, 122, 126, 154, 346, 826, 877, 33, 46, 66, 76, 103, 124, 344, 825, 868, 876, 22, 25, 28, 38, 48, 81, 88, 98, 101, 105, 133, 136, 140, 339, 342, 869, 872, 874, 31, 58, 71, 91, 94, 112, 115, 119, 129, 143, 147, 150, 156, 200, 377, 416, 678, 681, 893, 967, 86, 96, 131, 138, 337, 341, 870, 873, 117, 152, 202, 676, 682, 889, 965, 145, 376, 414, 418, 679, 895, 968, 204, 371, 381, 395, 409, 436, 462, 648, 660, 672, 675, 285, 288, 299, 437, 444, 447, 450, 457, 489, 912, 915, 988, 991, 167, 176, 283, 290, 294, 297, 439, 442, 452, 455, 490, 494, 810, 911, 987, 292, 296, 441, 454, 492, 495, 321, 504, 516, 544, 972, 975, 206, 266, 273, 419, 463, 470, 473, 476, 482, 486, 567, 570, 625, 631, 634, 637, 267, 471, 475, 484, 487, 569, 632, 636, 210, 214, 234, 277, 422, 467, 479, 573, 576, 628, 640, 643, 212, 232, 264, 275, 421, 465, 468, 478, 481, 565, 572, 575, 626, 629, 639, 642, 185, 188, 197, 303, 314, 317, 498, 501, 507, 510, 513, 519, 523, 541, 599, 602, 891, 969, 977, 980, 196, 312, 316, 500, 509, 512, 521, 524, 601, 604, 892, 979, 269, 305, 309, 323, 330, 334, 348, 355, 359, 426, 429, 527, 530, 534, 607, 610, 619, 622, 208, 310, 325, 328, 335, 350, 353, 424, 526, 535, 538, 605, 611, 614, 617, 271, 307, 332, 357, 360, 427, 430, 529, 532, 608, 620, 623, 220, 228, 236, 244, 248, 252, 260, 279, 547, 550, 559, 562, 578, 587, 590, 230, 246, 250, 262, 281, 549, 561, 564, 588, 226, 238, 242, 254, 258, 546, 552, 555, 558, 579, 582, 585, 592, 595, 240, 256, 553, 556, 581, 584, 593, 596, 301, 445, 449, 458, 913, 916, 989, 992, 497, 503, 506, 515, 518, 543, 598, 971, 973, 976, 981, 352, 537, 540, 613, 616, 369, 373, 379, 383, 393, 397, 407, 411, 434, 460, 646, 649, 658, 661, 670, 673, 367, 374, 384, 388, 391, 398, 402, 405, 412, 432, 645, 651, 654, 657, 663, 666, 669, 386, 390, 400, 404, 652, 655, 664, 667, 696, 698, 715, 744, 787, 795, 798, 928, 931, 691, 693, 708, 710, 713, 736, 739, 741, 699, 704, 717, 722, 724, 727, 732, 745, 751, 753, 853, 858, 861, 705, 723, 726, 733, 752, 755, 859, 862, 694, 697, 707, 714, 735, 743, 709, 712, 737, 740, 703, 718, 721, 728, 731, 747, 749, 854, 857, 719, 730, 748, 855, 818, 897, 900, 905, 908, 984, 765, 767, 772, 775, 822, 949, 952, 769, 771, 821, 948, 770, 829, 842, 847, 850, 864, 880, 882, 885, 956, 958, 830, 849, 851, 881, 884, 957, 782, 784, 790, 792, 801, 803, 923, 926, 945, 774, 776, 823, 950, 953, 786, 788, 794, 796, 799, 805, 921, 927, 930, 943, 831, 837, 839, 917, 934, 937, 993, 838, 841, 935, 791, 802, 924, 946, 809, 834, 920, 939, 942, 996, 999, 833, 835, 919, 932, 938, 941, 995, 998, 1000, 814, 817, 896, 901, 904, 815, 903, 899, 907, 909, 983, 985, 843, 846, 865, 878, 887, 954, 960, 963, 866, 888, 961, 964];

Decomposition solution:
Meaning of solution vector: [P    33 [k=4 v=0] gets set {9}, P   298 [k=4 v=0] gets set {1}, P   318 [k=4 v=0] gets set {3}, P   353 [k=4 v=0] gets set {17}, P   377 [k=4 v=0] gets set {13}, P   399 [k=4 v=0] gets set {8}, P   557 [k=4 v=0] gets set {2}, P   642 [k=4 v=0] gets set {4}, P   685 [k=4 v=0] gets set {19}, P   722 [k=4 v=0] gets set {10}, P   820 [k=4 v=0] gets set {9}, P   917 [k=4 v=0] gets set {6}, P   918 [k=4 v=0] gets set {8}, P  1002 [k=4 v=0] gets set {5}, P  1006 [k=4 v=0] gets set {15}, P  1094 [k=4 v=0] gets set {7}, P  1102 [k=4 v=0] gets set {3}, P  1121 [k=4 v=0] gets set {4}, P  1129 [k=4 v=0] gets set {10}, P  1168 [k=4 v=0] gets set {7}, P  1335 [k=4 v=0] gets set {5}, P  1498 [k=4 v=0] gets set {5}, P  1674 [k=4 v=0] gets set {9}, P  1765 [k=4 v=0] gets set {9}, P  1774 [k=4 v=0] gets set {10}, P  1948 [k=4 v=0] gets set {6}, P  1993 [k=4 v=0] gets set {3}, P  2001 [k=4 v=0] gets set {6}, P  2054 [k=4 v=0] gets set {23}, P  2057 [k=4 v=0] gets set {7}, P  2119 [k=4 v=0] gets set {7}, P  2198 [k=4 v=0] gets set {2}, P  2315 [k=4 v=0] gets set {6}, P  2367 [k=4 v=0] gets set {4}, P  2444 [k=4 v=0] gets set {9}, P  2623 [k=4 v=0] gets set {13}, P  2684 [k=4 v=0] gets set {2}, P  2763 [k=4 v=0] gets set {19}, P  2772 [k=4 v=0] gets set {2}, P  2842 [k=4 v=0] gets set {10}, P  2862 [k=4 v=0] gets set {3}, P  2895 [k=4 v=0] gets set {18}, P  2982 [k=4 v=0] gets set {8}, P  2989 [k=4 v=0] gets set {2}, P  2998 [k=4 v=0] gets set {6}, P  3026 [k=4 v=0] gets set {1}, P  3070 [k=4 v=0] gets set {1}, P  3132 [k=4 v=0] gets set {7}, P  3215 [k=4 v=0] gets set {30}, P  3217 [k=4 v=0] gets set {4}, P  3355 [k=4 v=0] gets set {6}, P  3371 [k=4 v=0] gets set {1}, P  3449 [k=4 v=0] gets set {16}, P  3572 [k=4 v=0] gets set {7}, P  3620 [k=4 v=0] gets set {4}, P  4017 [k=4 v=0] gets set {16}, P  4036 [k=4 v=0] gets set {13}, P  4074 [k=4 v=0] gets set {2}, P  4265 [k=4 v=0] gets set {19}, P  4296 [k=4 v=0] gets set {4}, P  4356 [k=4 v=0] gets set {1}, P  4496 [k=4 v=0] gets set {22}, P  4498 [k=4 v=0] gets set {11}, P  4609 [k=4 v=0] gets set {3}, P  4618 [k=4 v=0] gets set {5}, P  4725 [k=4 v=0] gets set {14}, P  4761 [k=4 v=0] gets set {1}, P  4836 [k=4 v=0] gets set {1}, P  4903 [k=4 v=0] gets set {6}, P  5202 [k=4 v=0] gets set {1}, P  5216 [k=4 v=0] gets set {26}, P  5279 [k=4 v=0] gets set {16}, P  5291 [k=4 v=0] gets set {15}, P  5375 [k=4 v=0] gets set {20}, P  5589 [k=4 v=0] gets set {5}, P  5590 [k=4 v=0] gets set {15}, P  5706 [k=4 v=0] gets set {14}, P  5732 [k=4 v=0] gets set {7}, P  5813 [k=4 v=0] gets set {12}, P  5889 [k=4 v=0] gets set {2}, P  6094 [k=4 v=0] gets set {11}, P  6185 [k=4 v=0] gets set {1}, P  6479 [k=4 v=0] gets set {7}, P  6676 [k=4 v=0] gets set {17}, P  6911 [k=4 v=0] gets set {1}, P  6921 [k=4 v=0] gets set {3}, P  6994 [k=4 v=0] gets set {9}, P  7031 [k=4 v=0] gets set {9}, P  7046 [k=4 v=0] gets set {25}, P  7144 [k=4 v=0] gets set {4}, P  7211 [k=4 v=0] gets set {8}, P  7300 [k=4 v=0] gets set {14}, P  7438 [k=4 v=0] gets set {4}, P  7664 [k=4 v=0] gets set {17}, P  7852 [k=4 v=0] gets set {1}, P  7880 [k=4 v=0] gets set {3}, P  8055 [k=4 v=0] gets set {1}, P  8088 [k=4 v=0] gets set {12}, P  8380 [k=4 v=0] gets set {2}, P  8395 [k=4 v=0] gets set {1}, P  8405 [k=4 v=0] gets set {2}, P  8407 [k=4 v=0] gets set {21}, P  8414 [k=4 v=0] gets set {4}, P  8472 [k=4 v=0] gets set {7}, P  8531 [k=4 v=0] gets set {19}, P  8571 [k=4 v=0] gets set {6}, P  8611 [k=4 v=0] gets set {7}, P  8914 [k=4 v=0] gets set {4}, P  8949 [k=4 v=0] gets set {8}, P  8978 [k=4 v=0] gets set {15}, P  8993 [k=4 v=0] gets set {5}, P  9091 [k=4 v=0] gets set {3}, P  9138 [k=4 v=0] gets set {1}, P  9155 [k=4 v=0] gets set {1}, P  9190 [k=4 v=0] gets set {6}, P  9355 [k=4 v=0] gets set {1}, P  9461 [k=4 v=0] gets set {5}, P  9645 [k=4 v=0] gets set {14}, P  9673 [k=4 v=0] gets set {17}, P  9780 [k=4 v=0] gets set {13}, P  9803 [k=4 v=0] gets set {18}]
Probabilities and corresponding integer solution:
lambda_0 = 0.050000 and welfare = 14856.491438 and x_l = [1, 1, 1, 1, 1, 1, 1, 1, 1, 1, 1, 1, 1, 1, 1, 1, 1, 1, 1, 1, 1, 1, 1, 1, 1, 1, 1, 1, 1, 1, 1, 1, 1, 1, 1, 1, 1, 1, 1, 1, 1, 1, 1, 1, 1, 1, 1, 1, 1, 1, 1, 1, 1, 1, 1, 1, 1, 1, 1, 1, 1, 1, 1, 1, 1, 1, 1, 1, 1, 1, 1, 1, 1, 1, 1, 1, 1, 1, 1, 1, 1, 1, 1, 1, 1, 1, 1, 1, 1, 1, 1, 1, 1, 1, 1, 1, 1, 1, 1, 1, 1, 1, 1, 1, 1, 1, 1, 1, 1, 1, 1, 1, 1, 1, 1, 1, 1, 1, 1, 1, 0]
lambda_17 = 0.050000 and welfare = 688.155037 and x_l = [0, 0, 0, 0, 0, 0, 0, 0, 0, 0, 0, 0, 0, 0, 0, 0, 0, 0, 0, 0, 0, 0, 0, 0, 0, 0, 0, 0, 0, 0, 0, 0, 0, 0, 0, 0, 0, 0, 0, 0, 0, 0, 0, 0, 0, 0, 0, 0, 1, 0, 0, 0, 0, 0, 0, 0, 0, 0, 0, 0, 0, 0, 0, 0, 0, 0, 0, 0, 0, 0, 0, 0, 0, 0, 0, 0, 0, 0, 0, 0, 0, 0, 0, 0, 0, 0, 0, 0, 0, 0, 0, 0, 0, 0, 0, 0, 0, 0, 0, 0, 0, 0, 0, 0, 0, 0, 0, 0, 0, 0, 0, 0, 0, 0, 0, 0, 0, 0, 1, 0, 0]
lambda_39 = 0.250000 and welfare = 915.882972 and x_l = [0, 0, 0, 0, 0, 0, 0, 0, 0, 0, 0, 0, 0, 0, 0, 0, 0, 0, 0, 0, 0, 0, 0, 0, 0, 0, 0, 0, 0, 0, 0, 0, 0, 0, 0, 0, 0, 0, 0, 0, 0, 0, 0, 0, 0, 0, 0, 0, 1, 0, 0, 0, 0, 0, 0, 0, 0, 0, 0, 0, 0, 0, 0, 0, 0, 0, 0, 0, 0, 0, 0, 0, 0, 0, 0, 0, 0, 0, 0, 0, 0, 0, 0, 0, 0, 0, 0, 0, 0, 0, 0, 0, 0, 0, 0, 0, 0, 0, 0, 0, 0, 0, 0, 0, 0, 0, 0, 0, 0, 0, 0, 0, 0, 0, 0, 0, 0, 1, 0, 0, 1]
lambda_42 = 0.200000 and welfare = 658.805323 and x_l = [0, 0, 0, 0, 0, 0, 0, 0, 0, 0, 0, 0, 0, 0, 0, 0, 0, 0, 0, 0, 0, 0, 0, 0, 0, 0, 0, 0, 0, 0, 0, 0, 0, 0, 0, 0, 0, 0, 0, 0, 0, 0, 0, 0, 0, 0, 0, 0, 0, 0, 0, 0, 0, 0, 0, 0, 0, 0, 0, 0, 0, 0, 0, 0, 0, 0, 0, 0, 0, 0, 0, 0, 0, 0, 0, 0, 0, 0, 0, 0, 0, 0, 0, 0, 0, 0, 0, 0, 0, 0, 0, 0, 0, 0, 0, 0, 0, 0, 0, 0, 0, 0, 0, 0, 0, 0, 0, 0, 0, 0, 0, 0, 0, 0, 0, 0, 0, 1, 1, 1, 0]
lambda_53 = 0.200000 and welfare = 14016.495695 and x_l = [1, 1, 1, 1, 1, 1, 1, 1, 1, 1, 1, 1, 1, 1, 1, 1, 1, 1, 1, 1, 1, 1, 1, 1, 1, 1, 1, 1, 1, 1, 1, 1, 1, 1, 1, 1, 1, 1, 1, 1, 1, 1, 1, 1, 1, 1, 1, 1, 0, 1, 1, 1, 1, 1, 1, 1, 1, 1, 1, 1, 1, 1, 1, 1, 1, 1, 1, 1, 1, 1, 1, 1, 1, 1, 1, 1, 1, 1, 1, 1, 1, 1, 1, 1, 1, 1, 1, 1, 1, 1, 1, 1, 1, 1, 1, 1, 1, 1, 1, 1, 1, 1, 1, 1, 1, 1, 1, 1, 1, 1, 1, 1, 1, 1, 1, 1, 1, 0, 1, 0, 0]
lambda_54 = 0.250000 and welfare = 14226.149641 and x_l = [1, 1, 1, 1, 1, 1, 1, 1, 1, 1, 1, 1, 1, 1, 1, 1, 1, 1, 1, 1, 1, 1, 1, 1, 1, 1, 1, 1, 1, 1, 1, 1, 1, 1, 1, 1, 1, 1, 1, 1, 1, 1, 1, 1, 1, 1, 1, 1, 0, 1, 1, 1, 1, 1, 1, 1, 1, 1, 1, 1, 1, 1, 1, 1, 1, 1, 1, 1, 1, 1, 1, 1, 1, 1, 1, 1, 1, 1, 1, 1, 1, 1, 1, 1, 1, 1, 1, 1, 1, 1, 1, 1, 1, 1, 1, 1, 1, 1, 1, 1, 1, 1, 1, 1, 1, 1, 1, 1, 1, 1, 1, 1, 1, 1, 1, 1, 1, 0, 0, 1, 1]
lambda_else = 0
Using 6 out of 59 integer solutions.
Expected social welfare: 7497.800681
Objective value of primal LP: 1.000000


