Analysis results no. 9

Ellipsoid method stopped in iteration 1000 because reached N.
Ellipsoid parameters: cut=deep; eps=0.000000; N=1000; R=9.591663.
Ellipsoid performance: runtime=874.003713 sec.; constraint-cuts=739.

First iteration in which primal was feasible: 40.
In total 108 integer solutions where found, whereas 8 where used by primal.

Solution quality:
Expected social welfare=7319.354159
Absolute deviation=6668.353074
Variance=44536963.947987
Standard deviation=6673.602022
Coefficient of variation=0.911775

Distribution of constraint cuts:
cons_cuts=[2, 4, 6, 8, 10, 12, 14, 16, 18, 20, 22, 23, 25, 27, 29, 31, 33, 34, 36, 38, 40, 41, 43, 45, 47, 48, 50, 52, 54, 55, 57, 59, 60, 62, 64, 65, 67, 69, 70, 72, 74, 75, 77, 79, 80, 82, 84, 85, 87, 89, 90, 92, 94, 95, 97, 99, 100, 102, 103, 105, 106, 108, 110, 111, 113, 114, 116, 118, 119, 121, 122, 124, 125, 127, 128, 130, 131, 133, 134, 136, 137, 139, 140, 142, 143, 145, 146, 148, 149, 151, 152, 154, 155, 157, 158, 160, 161, 163, 164, 166, 167, 169, 170, 172, 173, 175, 176, 178, 179, 181, 182, 184, 185, 187, 188, 190, 191, 193, 194, 196, 197, 199, 200, 202, 203, 205, 206, 208, 209, 211, 212, 214, 215, 217, 218, 220, 221, 223, 224, 226, 227, 229, 230, 232, 233, 235, 236, 238, 239, 241, 242, 244, 245, 247, 248, 250, 251, 253, 254, 256, 257, 259, 260, 262, 263, 265, 266, 268, 269, 271, 272, 274, 275, 277, 278, 280, 281, 283, 284, 286, 287, 289, 290, 292, 293, 294, 296, 297, 299, 300, 301, 303, 304, 305, 307, 308, 310, 311, 313, 314, 315, 317, 318, 320, 321, 323, 324, 325, 327, 328, 330, 331, 333, 334, 336, 337, 338, 340, 341, 342, 344, 345, 346, 348, 349, 350, 352, 353, 354, 356, 357, 358, 360, 361, 362, 364, 365, 366, 368, 369, 370, 372, 373, 374, 376, 377, 379, 380, 381, 383, 384, 385, 387, 388, 390, 391, 392, 394, 395, 396, 398, 399, 400, 402, 403, 404, 406, 407, 408, 410, 411, 412, 414, 415, 416, 418, 419, 420, 422, 423, 424, 426, 427, 428, 430, 431, 432, 434, 435, 436, 438, 439, 440, 442, 443, 444, 446, 447, 448, 450, 451, 452, 454, 455, 456, 458, 459, 460, 462, 463, 464, 466, 467, 468, 470, 471, 472, 474, 475, 476, 478, 479, 480, 482, 483, 484, 486, 487, 488, 490, 491, 492, 494, 495, 496, 498, 499, 500, 502, 503, 504, 506, 507, 508, 510, 511, 512, 514, 515, 516, 518, 519, 520, 522, 523, 524, 526, 527, 528, 529, 531, 532, 533, 535, 536, 537, 539, 540, 541, 543, 544, 545, 547, 548, 549, 551, 552, 553, 554, 556, 557, 558, 560, 561, 562, 564, 565, 566, 568, 569, 570, 572, 573, 574, 576, 577, 578, 580, 581, 582, 584, 585, 586, 588, 589, 590, 592, 593, 594, 596, 597, 598, 600, 601, 602, 604, 605, 606, 608, 609, 610, 612, 613, 614, 616, 617, 618, 620, 621, 622, 624, 625, 626, 628, 629, 630, 632, 633, 634, 635, 637, 638, 639, 640, 642, 643, 644, 645, 647, 648, 649, 650, 652, 653, 654, 655, 657, 658, 659, 660, 662, 663, 664, 665, 667, 668, 669, 670, 672, 673, 674, 676, 677, 678, 680, 681, 682, 684, 685, 686, 688, 689, 690, 692, 693, 694, 695, 697, 698, 699, 700, 702, 703, 704, 706, 707, 708, 710, 711, 712, 714, 715, 716, 718, 719, 720, 722, 723, 724, 726, 727, 728, 730, 731, 732, 734, 735, 736, 738, 739, 740, 742, 743, 744, 746, 747, 748, 749, 751, 752, 753, 754, 756, 757, 758, 759, 760, 761, 762, 763, 765, 766, 767, 768, 769, 770, 771, 772, 773, 774, 775, 776, 778, 779, 780, 781, 782, 783, 784, 785, 786, 787, 789, 790, 791, 792, 793, 794, 795, 796, 797, 799, 800, 801, 802, 803, 804, 805, 806, 808, 809, 810, 811, 812, 813, 814, 816, 817, 818, 819, 820, 821, 823, 824, 825, 826, 827, 828, 830, 831, 832, 833, 834, 835, 837, 838, 839, 840, 841, 842, 844, 845, 846, 847, 848, 850, 851, 852, 853, 854, 856, 857, 858, 859, 860, 862, 863, 864, 865, 866, 868, 869, 870, 871, 872, 874, 875, 876, 877, 878, 880, 881, 882, 883, 884, 886, 887, 888, 889, 890, 892, 893, 894, 895, 897, 898, 899, 900, 902, 903, 904, 905, 906, 908, 909, 910, 911, 913, 914, 915, 916, 917, 919, 920, 921, 922, 923, 925, 926, 927, 928, 929, 931, 932, 933, 934, 936, 937, 938, 939, 941, 942, 943, 944, 946, 947, 948, 949, 950, 952, 953, 954, 955, 957, 958, 959, 960, 962, 963, 964, 965, 967, 968, 969, 970, 972, 973, 974, 975, 977, 978, 979, 980, 982, 983, 984, 985, 987, 988, 989, 990, 992, 993, 994, 995, 997, 998, 999, 1000];
Distribution of found integer solutions:
int_sols=[2, 6, 10, 14, 20, 22, 23, 27, 31, 40, 43, 47, 48, 54, 55, 59, 60, 62, 64, 69, 70, 74, 85, 92, 94, 97, 99, 100, 102, 103, 105, 110, 111, 113, 114, 118, 124, 149, 151, 152, 193, 205, 211, 230, 233, 235, 236, 314, 342, 365, 391, 395, 418, 419, 438, 439, 459, 460, 500, 526, 529, 531, 637, 758, 759, 760, 761, 762, 767, 768, 776, 778, 779, 780, 781, 786, 799, 800, 801, 802, 804, 805, 813, 818, 819, 823, 826, 832, 833, 834, 835, 837, 854, 862, 871, 872, 889, 903, 904, 910, 913, 914, 915, 916, 917, 944, 950, 952];
Distribution of found duplicates:
int_dupl=[4, 8, 643, 645, 648, 676, 678, 681, 16, 29, 116, 119, 197, 200, 203, 751, 753, 756, 12, 206, 238, 241, 256, 259, 262, 277, 280, 283, 746, 18, 527, 552, 554, 568, 570, 602, 605, 608, 33, 220, 223, 372, 374, 442, 444, 25, 34, 36, 38, 41, 218, 221, 336, 373, 443, 52, 313, 315, 324, 330, 379, 390, 427, 446, 632, 727, 730, 549, 557, 560, 576, 581, 600, 610, 208, 214, 217, 337, 340, 450, 471, 45, 65, 209, 215, 338, 341, 448, 451, 472, 303, 305, 317, 320, 323, 380, 383, 385, 388, 447, 653, 655, 689, 50, 301, 304, 318, 321, 381, 384, 387, 652, 654, 657, 690, 226, 294, 311, 328, 334, 660, 694, 697, 699, 57, 67, 106, 224, 227, 293, 299, 310, 327, 333, 659, 693, 695, 698, 716, 724, 84, 284, 662, 664, 700, 708, 711, 714, 72, 75, 362, 370, 566, 585, 590, 628, 212, 435, 464, 467, 470, 483, 486, 488, 229, 292, 300, 308, 658, 692, 718, 720, 723, 79, 89, 287, 290, 667, 669, 672, 703, 706, 77, 80, 82, 87, 90, 232, 286, 289, 665, 668, 670, 686, 702, 704, 707, 584, 586, 629, 663, 710, 712, 715, 95, 432, 440, 456, 462, 475, 478, 480, 491, 494, 496, 523, 458, 476, 479, 492, 495, 498, 524, 108, 194, 630, 635, 638, 640, 650, 673, 684, 734, 736, 739, 742, 157, 160, 163, 178, 181, 184, 431, 506, 508, 511, 612, 614, 158, 161, 164, 176, 179, 182, 185, 504, 507, 510, 512, 539, 613, 618, 990, 148, 348, 350, 353, 356, 369, 399, 402, 404, 407, 122, 125, 128, 137, 155, 296, 376, 430, 540, 558, 561, 577, 139, 142, 145, 345, 358, 361, 394, 410, 412, 140, 143, 146, 344, 346, 357, 360, 392, 398, 408, 411, 121, 130, 133, 136, 154, 169, 172, 131, 134, 170, 173, 196, 199, 202, 752, 754, 127, 297, 377, 349, 352, 354, 368, 400, 403, 406, 744, 166, 175, 187, 190, 503, 514, 516, 519, 572, 620, 987, 989, 167, 188, 191, 502, 515, 518, 520, 573, 988, 634, 642, 644, 647, 649, 674, 677, 680, 682, 732, 743, 749, 757, 434, 436, 452, 463, 466, 468, 474, 482, 484, 487, 490, 522, 307, 688, 719, 722, 245, 248, 251, 266, 269, 272, 244, 247, 250, 253, 265, 268, 271, 274, 239, 242, 254, 257, 260, 263, 275, 278, 281, 325, 331, 426, 428, 633, 726, 728, 731, 364, 366, 541, 544, 547, 562, 578, 592, 594, 597, 543, 545, 548, 580, 593, 596, 598, 396, 415, 565, 589, 621, 624, 626, 1000, 414, 416, 424, 537, 564, 588, 622, 625, 982, 999, 420, 423, 616, 747, 998, 422, 617, 748, 454, 455, 499, 551, 553, 556, 569, 574, 582, 601, 604, 606, 609, 528, 532, 535, 533, 536, 639, 685, 735, 738, 740, 955, 958, 890, 929, 932, 934, 941, 763, 766, 772, 774, 866, 878, 993, 995, 765, 773, 775, 811, 880, 992, 994, 997, 769, 771, 856, 877, 984, 770, 983, 985, 812, 814, 817, 881, 827, 882, 968, 970, 785, 787, 790, 824, 828, 922, 925, 927, 972, 974, 782, 784, 791, 793, 795, 797, 830, 919, 921, 928, 975, 978, 783, 792, 794, 796, 831, 920, 977, 979, 789, 825, 923, 926, 973, 883, 911, 938, 803, 810, 869, 868, 870, 806, 809, 875, 902, 808, 874, 876, 816, 865, 820, 858, 948, 821, 857, 859, 949, 860, 863, 946, 965, 864, 967, 969, 980, 842, 845, 847, 888, 893, 908, 841, 844, 846, 848, 887, 892, 894, 906, 838, 840, 850, 852, 886, 895, 898, 839, 851, 853, 884, 897, 899, 900, 947, 954, 957, 959, 953, 960, 963, 931, 933, 905, 909, 936, 937, 939, 942, 943, 962, 964];

Decomposition solution:
Meaning of solution vector: [P   267 [k=2 v=0] gets set {7}, P   345 [k=2 v=0] gets set {16}, P   352 [k=2 v=0] gets set {13}, P   405 [k=2 v=0] gets set {5}, P   757 [k=2 v=0] gets set {4}, P  1077 [k=2 v=0] gets set {21}, P  1302 [k=2 v=0] gets set {24}, P  1684 [k=2 v=0] gets set {17}, P  1716 [k=2 v=0] gets set {39}, P  1907 [k=2 v=0] gets set {1}, P  1992 [k=2 v=0] gets set {4}, P  2172 [k=2 v=0] gets set {12}, P  2176 [k=2 v=0] gets set {16}, P  2300 [k=2 v=0] gets set {23}, P  2340 [k=2 v=0] gets set {14}, P  2550 [k=2 v=0] gets set {29}, P  2552 [k=2 v=0] gets set {6}, P  2789 [k=2 v=0] gets set {13}, P  2831 [k=2 v=0] gets set {7}, P  2878 [k=2 v=0] gets set {5}, P  2903 [k=2 v=0] gets set {2}, P  2923 [k=2 v=0] gets set {12}, P  3055 [k=2 v=0] gets set {4}, P  3072 [k=2 v=0] gets set {2}, P  3166 [k=2 v=0] gets set {2}, P  3252 [k=2 v=0] gets set {4}, P  3319 [k=2 v=0] gets set {2}, P  3354 [k=2 v=0] gets set {10}, P  3440 [k=2 v=0] gets set {30}, P  3558 [k=2 v=0] gets set {1}, P  3662 [k=2 v=0] gets set {18}, P  3704 [k=2 v=0] gets set {12}, P  4249 [k=2 v=0] gets set {4}, P  4302 [k=2 v=0] gets set {16}, P  4399 [k=2 v=0] gets set {31}, P  4548 [k=2 v=0] gets set {32}, P  4587 [k=2 v=0] gets set {12}, P  4697 [k=2 v=0] gets set {12}, P  4706 [k=2 v=0] gets set {7}, P  4856 [k=2 v=0] gets set {11}, P  4877 [k=2 v=0] gets set {9}, P  4919 [k=2 v=0] gets set {16}, P  4934 [k=2 v=0] gets set {3}, P  4963 [k=2 v=0] gets set {8}, P  4987 [k=2 v=0] gets set {10}, P  5022 [k=2 v=0] gets set {14}, P  5064 [k=2 v=0] gets set {3}, P  5125 [k=2 v=0] gets set {15}, P  5136 [k=2 v=0] gets set {2}, P  5154 [k=2 v=0] gets set {19}, P  5200 [k=2 v=0] gets set {2}, P  5260 [k=2 v=0] gets set {20}, P  5627 [k=2 v=0] gets set {42}, P  5806 [k=2 v=0] gets set {4}, P  5883 [k=2 v=0] gets set {13}, P  6131 [k=2 v=0] gets set {11}, P  6191 [k=2 v=0] gets set {3}, P  6424 [k=2 v=0] gets set {12}, P  6426 [k=2 v=0] gets set {8}, P  6609 [k=2 v=0] gets set {2}, P  6715 [k=2 v=0] gets set {15}, P  6722 [k=2 v=0] gets set {10}, P  6844 [k=2 v=0] gets set {3}, P  6934 [k=2 v=0] gets set {8}, P  7128 [k=2 v=0] gets set {14}, P  7227 [k=2 v=0] gets set {3}, P  7623 [k=2 v=0] gets set {8}, P  7656 [k=2 v=0] gets set {3}, P  7752 [k=2 v=0] gets set {16}, P  7964 [k=2 v=0] gets set {9}, P  7983 [k=2 v=0] gets set {18}, P  8163 [k=2 v=0] gets set {7}, P  8212 [k=2 v=0] gets set {16}, P  8326 [k=2 v=0] gets set {3}, P  8648 [k=2 v=0] gets set {22}, P  8766 [k=2 v=0] gets set {7}, P  8770 [k=2 v=0] gets set {3}, P  8800 [k=2 v=0] gets set {8}, P  8873 [k=2 v=0] gets set {18}, P  8946 [k=2 v=0] gets set {4}, P  9026 [k=2 v=0] gets set {3}, P  9088 [k=2 v=0] gets set {7}, P  9104 [k=2 v=0] gets set {1}, P  9124 [k=2 v=0] gets set {13}, P  9184 [k=2 v=0] gets set {8}, P  9251 [k=2 v=0] gets set {6}, P  9399 [k=2 v=0] gets set {3}, P  9450 [k=2 v=0] gets set {6}, P  9537 [k=2 v=0] gets set {27}, P  9555 [k=2 v=0] gets set {7}, P  9989 [k=2 v=0] gets set {11}]
Probabilities and corresponding integer solution:
lambda_3 = 0.110795 and welfare = 14297.186636 and x_l = [1, 1, 1, 1, 1, 1, 1, 1, 1, 1, 1, 1, 1, 1, 1, 1, 1, 1, 1, 1, 1, 1, 1, 1, 1, 1, 1, 1, 1, 1, 1, 1, 1, 1, 1, 1, 1, 1, 1, 1, 1, 1, 1, 1, 1, 1, 1, 1, 1, 1, 1, 1, 1, 1, 1, 1, 1, 1, 1, 1, 1, 1, 1, 1, 1, 1, 1, 1, 1, 1, 1, 1, 1, 1, 1, 1, 1, 1, 1, 1, 1, 1, 1, 1, 1, 1, 1, 1, 0, 1, 1]
lambda_30 = 0.036932 and welfare = 321.089882 and x_l = [0, 1, 0, 0, 0, 0, 0, 0, 0, 0, 0, 0, 0, 0, 0, 0, 0, 0, 0, 0, 0, 0, 0, 0, 0, 0, 0, 0, 0, 0, 0, 0, 0, 0, 0, 0, 0, 0, 0, 0, 0, 0, 0, 0, 0, 0, 0, 0, 0, 0, 0, 0, 0, 0, 0, 0, 0, 0, 0, 0, 0, 0, 0, 0, 0, 0, 0, 0, 0, 0, 0, 0, 0, 0, 0, 0, 0, 0, 0, 0, 0, 0, 0, 0, 0, 0, 0, 1, 0, 0, 0]
lambda_44 = 0.036932 and welfare = 324.411901 and x_l = [0, 1, 0, 0, 0, 0, 0, 0, 0, 0, 0, 0, 0, 0, 0, 0, 0, 0, 0, 0, 0, 0, 0, 0, 0, 0, 0, 0, 0, 0, 0, 0, 0, 0, 0, 0, 0, 0, 0, 0, 0, 0, 0, 0, 0, 0, 0, 0, 0, 0, 0, 0, 0, 0, 0, 0, 0, 0, 0, 0, 0, 0, 0, 0, 0, 0, 0, 0, 0, 0, 0, 0, 0, 0, 0, 0, 0, 0, 0, 0, 0, 0, 0, 0, 0, 0, 0, 0, 0, 1, 0]
lambda_62 = 0.036932 and welfare = 390.178425 and x_l = [0, 1, 0, 0, 0, 0, 0, 0, 0, 0, 0, 0, 0, 0, 0, 0, 0, 0, 0, 0, 0, 0, 0, 0, 0, 0, 0, 0, 0, 0, 0, 0, 0, 0, 0, 0, 0, 0, 0, 0, 0, 0, 0, 0, 0, 0, 0, 0, 0, 0, 0, 0, 0, 0, 0, 0, 0, 0, 0, 0, 0, 0, 0, 0, 0, 0, 0, 0, 0, 0, 0, 0, 0, 0, 0, 0, 0, 0, 0, 0, 0, 0, 0, 0, 0, 0, 0, 0, 0, 0, 1]
lambda_76 = 0.352273 and welfare = 787.298494 and x_l = [0, 0, 0, 0, 0, 0, 0, 0, 0, 0, 0, 0, 0, 0, 0, 0, 0, 0, 0, 0, 0, 0, 0, 0, 0, 0, 0, 0, 0, 0, 0, 0, 0, 0, 0, 0, 0, 0, 0, 0, 0, 0, 0, 0, 0, 0, 0, 0, 0, 0, 0, 0, 0, 0, 0, 0, 0, 0, 0, 0, 0, 0, 0, 0, 0, 0, 0, 0, 0, 0, 0, 0, 0, 0, 0, 0, 0, 0, 0, 0, 0, 0, 0, 0, 0, 0, 1, 1, 1, 1, 1]
lambda_91 = 0.147727 and welfare = 14277.340680 and x_l = [1, 1, 1, 1, 1, 1, 1, 1, 1, 1, 1, 1, 1, 1, 1, 1, 1, 1, 1, 1, 1, 1, 1, 1, 1, 1, 1, 1, 1, 1, 1, 1, 1, 1, 1, 1, 1, 1, 1, 1, 1, 1, 1, 1, 1, 1, 1, 1, 1, 1, 1, 1, 1, 1, 1, 1, 1, 1, 1, 1, 1, 1, 1, 1, 1, 1, 1, 1, 1, 1, 1, 1, 1, 1, 1, 1, 1, 1, 1, 1, 1, 1, 1, 1, 1, 1, 0, 0, 1, 0, 0]
lambda_96 = 0.241477 and welfare = 13668.523280 and x_l = [1, 0, 1, 1, 1, 1, 1, 1, 1, 1, 1, 1, 1, 1, 1, 1, 1, 1, 1, 1, 1, 1, 1, 1, 1, 1, 1, 1, 1, 1, 1, 1, 1, 1, 1, 1, 1, 1, 1, 1, 1, 1, 1, 1, 1, 1, 1, 1, 1, 1, 1, 1, 1, 1, 1, 1, 1, 1, 1, 1, 1, 1, 1, 1, 1, 1, 1, 1, 1, 1, 1, 1, 1, 1, 1, 1, 1, 1, 1, 1, 1, 1, 1, 1, 1, 1, 0, 0, 0, 0, 0]
lambda_105 = 0.036932 and welfare = 268.256539 and x_l = [0, 1, 0, 0, 0, 0, 0, 0, 0, 0, 0, 0, 0, 0, 0, 0, 0, 0, 0, 0, 0, 0, 0, 0, 0, 0, 0, 0, 0, 0, 0, 0, 0, 0, 0, 0, 0, 0, 0, 0, 0, 0, 0, 0, 0, 0, 0, 0, 0, 0, 0, 0, 0, 0, 0, 0, 0, 0, 0, 0, 0, 0, 0, 0, 0, 0, 0, 0, 0, 0, 0, 0, 0, 0, 0, 0, 0, 0, 0, 0, 0, 0, 0, 0, 0, 0, 1, 0, 0, 0, 0]
lambda_else = 0
Using 8 out of 108 integer solutions.
Expected social welfare: 7319.354159
Objective value of primal LP: 1.000000


