Analysis results no. 20

Ellipsoid method stopped in iteration 1000 because reached N.
Ellipsoid parameters: cut=central; eps=0.000000; N=1000; R=9.591663.
Ellipsoid performance: runtime=3349.381097 sec.; constraint-cuts=905.

First iteration in which primal was feasible: 524.
In total 411 integer solutions where found, whereas 5 where used by primal.

Solution quality:
Expected social welfare=7319.354159
Absolute deviation=5565.021647
Variance=30979936.071330
Standard deviation=5565.962277
Coefficient of variation=0.760444

Distribution of constraint cuts:
cons_cuts=[1, 2, 3, 4, 5, 6, 7, 8, 9, 10, 11, 12, 13, 14, 15, 16, 17, 18, 19, 20, 21, 22, 23, 24, 25, 26, 27, 28, 29, 30, 31, 32, 33, 34, 35, 36, 37, 38, 39, 40, 41, 42, 43, 44, 45, 46, 47, 48, 49, 50, 51, 52, 53, 54, 55, 56, 57, 58, 59, 60, 61, 62, 63, 64, 65, 66, 67, 68, 69, 70, 71, 72, 73, 74, 75, 76, 77, 78, 79, 80, 81, 82, 83, 84, 85, 86, 87, 88, 89, 90, 91, 92, 93, 94, 95, 96, 97, 98, 99, 100, 101, 102, 103, 104, 105, 106, 107, 108, 109, 110, 111, 112, 113, 114, 115, 116, 117, 118, 119, 120, 121, 122, 123, 124, 125, 126, 127, 128, 129, 130, 131, 132, 133, 134, 135, 136, 137, 138, 139, 140, 141, 142, 143, 144, 145, 146, 147, 148, 149, 150, 151, 152, 153, 154, 155, 156, 157, 158, 159, 160, 161, 162, 163, 164, 165, 166, 167, 168, 169, 170, 171, 172, 173, 174, 175, 176, 177, 178, 179, 180, 181, 182, 183, 184, 185, 186, 187, 188, 189, 190, 191, 192, 193, 194, 195, 196, 197, 198, 199, 200, 201, 202, 203, 204, 205, 206, 207, 208, 209, 210, 211, 212, 213, 214, 215, 216, 217, 218, 219, 220, 221, 222, 223, 224, 225, 226, 227, 228, 229, 230, 231, 232, 233, 234, 235, 236, 237, 238, 239, 240, 241, 242, 243, 244, 245, 246, 247, 248, 249, 250, 251, 252, 253, 254, 255, 256, 257, 258, 259, 260, 261, 262, 263, 264, 265, 266, 267, 268, 269, 270, 271, 272, 273, 274, 275, 276, 277, 278, 279, 280, 281, 282, 283, 284, 285, 286, 287, 288, 289, 290, 291, 292, 293, 294, 295, 296, 297, 298, 299, 300, 301, 302, 303, 304, 305, 306, 307, 308, 309, 310, 311, 312, 313, 314, 315, 316, 317, 318, 319, 320, 321, 322, 323, 324, 325, 326, 327, 328, 329, 330, 331, 332, 333, 334, 335, 336, 337, 338, 339, 340, 341, 342, 344, 345, 346, 348, 349, 350, 352, 353, 354, 356, 357, 358, 359, 360, 362, 363, 365, 366, 367, 368, 369, 370, 372, 373, 374, 375, 377, 378, 379, 381, 382, 383, 384, 385, 386, 387, 389, 390, 391, 392, 393, 394, 395, 396, 397, 399, 400, 401, 402, 403, 404, 405, 406, 408, 409, 410, 411, 412, 413, 414, 416, 417, 418, 419, 420, 421, 423, 424, 425, 426, 427, 428, 429, 430, 431, 432, 433, 435, 436, 437, 438, 439, 440, 442, 443, 444, 445, 446, 447, 449, 450, 451, 452, 453, 455, 456, 457, 458, 459, 460, 461, 462, 463, 465, 466, 467, 468, 469, 470, 472, 473, 474, 475, 476, 477, 478, 480, 481, 482, 483, 484, 485, 486, 488, 489, 490, 491, 492, 493, 494, 496, 497, 498, 499, 500, 501, 503, 504, 505, 506, 507, 508, 510, 511, 512, 513, 514, 515, 516, 518, 519, 520, 521, 522, 524, 525, 526, 527, 528, 530, 531, 532, 533, 534, 535, 537, 538, 539, 540, 541, 543, 544, 545, 546, 547, 549, 550, 551, 552, 553, 555, 556, 557, 558, 559, 561, 562, 563, 564, 565, 567, 568, 569, 571, 572, 573, 574, 576, 577, 578, 579, 581, 582, 583, 584, 585, 587, 588, 589, 590, 591, 592, 594, 595, 596, 597, 598, 600, 601, 602, 603, 604, 605, 607, 608, 609, 610, 611, 612, 614, 615, 616, 617, 618, 620, 621, 622, 623, 624, 625, 627, 628, 629, 630, 631, 633, 634, 635, 636, 637, 639, 640, 641, 642, 643, 645, 646, 647, 648, 649, 650, 652, 653, 654, 655, 656, 657, 659, 660, 661, 662, 663, 664, 666, 667, 668, 669, 670, 671, 673, 674, 675, 676, 677, 679, 680, 681, 682, 683, 685, 686, 687, 688, 689, 690, 692, 693, 694, 695, 696, 697, 699, 700, 701, 702, 703, 704, 705, 707, 708, 709, 710, 711, 713, 714, 715, 716, 717, 718, 719, 721, 722, 723, 724, 725, 726, 728, 729, 730, 731, 732, 733, 735, 736, 737, 738, 739, 740, 742, 743, 744, 745, 746, 748, 749, 750, 751, 752, 753, 754, 756, 757, 758, 759, 760, 762, 763, 764, 765, 766, 767, 769, 770, 771, 772, 773, 774, 775, 777, 778, 779, 780, 781, 782, 784, 785, 786, 787, 788, 789, 791, 792, 793, 794, 795, 796, 798, 799, 800, 801, 802, 803, 805, 806, 807, 808, 809, 810, 811, 813, 814, 815, 816, 817, 819, 820, 821, 822, 823, 825, 826, 827, 828, 829, 831, 832, 833, 834, 835, 836, 837, 839, 840, 841, 842, 843, 844, 846, 847, 848, 849, 850, 851, 852, 854, 855, 856, 857, 858, 859, 861, 862, 863, 864, 865, 866, 867, 869, 870, 871, 872, 873, 874, 875, 877, 878, 879, 880, 881, 882, 883, 885, 886, 887, 888, 889, 890, 891, 893, 894, 895, 896, 897, 898, 900, 901, 902, 903, 904, 905, 906, 908, 909, 910, 911, 912, 913, 914, 916, 917, 918, 919, 920, 921, 922, 924, 925, 926, 927, 928, 929, 930, 932, 933, 934, 935, 936, 937, 938, 939, 941, 942, 943, 944, 945, 946, 947, 949, 950, 951, 952, 953, 954, 955, 957, 958, 959, 960, 961, 962, 963, 965, 966, 967, 968, 969, 970, 971, 973, 974, 975, 976, 977, 978, 979, 981, 982, 983, 984, 985, 986, 987, 988, 990, 991, 992, 993, 994, 995, 996, 997, 999, 1000];
Distribution of found integer solutions:
int_sols=[1, 218, 254, 320, 334, 342, 344, 348, 349, 352, 354, 356, 362, 365, 370, 372, 373, 377, 379, 381, 382, 384, 385, 386, 387, 389, 390, 391, 392, 393, 394, 399, 400, 401, 403, 404, 405, 408, 409, 410, 411, 412, 413, 416, 418, 420, 421, 423, 424, 425, 426, 427, 428, 435, 436, 437, 438, 440, 445, 450, 453, 455, 456, 457, 458, 459, 460, 461, 462, 463, 465, 466, 467, 468, 469, 470, 472, 473, 474, 475, 476, 477, 478, 480, 481, 483, 485, 486, 488, 489, 490, 492, 493, 496, 497, 498, 499, 500, 501, 503, 504, 505, 507, 508, 510, 511, 512, 513, 514, 515, 516, 518, 519, 520, 521, 524, 528, 531, 532, 533, 534, 537, 539, 540, 541, 545, 546, 549, 556, 558, 561, 562, 585, 587, 588, 589, 590, 592, 594, 595, 596, 598, 600, 601, 602, 603, 604, 605, 607, 608, 609, 610, 611, 612, 614, 620, 621, 622, 623, 625, 627, 628, 629, 630, 631, 633, 635, 636, 639, 640, 641, 642, 643, 645, 646, 647, 648, 649, 652, 653, 654, 655, 656, 657, 659, 660, 661, 662, 664, 666, 667, 668, 669, 670, 671, 673, 674, 676, 679, 680, 685, 686, 687, 688, 689, 690, 692, 693, 694, 695, 696, 697, 699, 700, 701, 702, 703, 704, 705, 707, 708, 709, 710, 711, 713, 714, 715, 716, 717, 718, 719, 721, 722, 723, 725, 726, 728, 729, 730, 731, 732, 739, 740, 744, 745, 746, 748, 749, 750, 751, 752, 753, 754, 756, 765, 766, 767, 769, 770, 771, 772, 773, 774, 775, 777, 778, 779, 785, 789, 791, 792, 793, 794, 795, 796, 798, 799, 800, 801, 803, 806, 807, 808, 809, 810, 811, 813, 817, 819, 823, 825, 826, 827, 831, 832, 833, 834, 835, 836, 840, 841, 843, 844, 846, 847, 848, 849, 850, 851, 854, 855, 856, 858, 859, 867, 869, 870, 871, 872, 873, 874, 877, 879, 880, 881, 885, 886, 887, 890, 891, 893, 894, 895, 896, 897, 900, 901, 905, 908, 909, 910, 911, 912, 913, 914, 916, 917, 918, 919, 920, 921, 922, 924, 925, 926, 927, 928, 929, 930, 932, 933, 934, 935, 936, 937, 939, 941, 943, 944, 946, 947, 949, 952, 953, 954, 955, 957, 958, 960, 961, 962, 963, 967, 968, 969, 970, 971, 973, 974, 975, 976, 977, 978, 979, 981, 982, 983, 984, 985, 986, 987, 988, 990, 991, 992, 993, 995, 996, 997, 999, 1000];
Distribution of found duplicates:
int_dupl=[2, 3, 4, 5, 6, 7, 8, 9, 10, 11, 12, 13, 14, 15, 16, 17, 18, 19, 20, 21, 22, 23, 24, 25, 26, 27, 28, 29, 30, 31, 32, 33, 34, 35, 36, 37, 38, 39, 40, 41, 42, 43, 44, 45, 46, 47, 48, 49, 50, 51, 52, 53, 54, 55, 56, 57, 58, 59, 60, 61, 62, 63, 64, 65, 66, 67, 68, 69, 70, 71, 72, 73, 74, 75, 76, 77, 78, 79, 80, 81, 82, 83, 84, 85, 86, 87, 88, 89, 90, 91, 92, 93, 94, 95, 96, 97, 98, 99, 100, 101, 102, 103, 104, 105, 106, 107, 108, 109, 110, 111, 112, 113, 114, 115, 116, 117, 118, 119, 120, 121, 122, 123, 124, 125, 126, 127, 128, 129, 130, 131, 132, 133, 134, 135, 136, 137, 138, 139, 140, 141, 142, 143, 144, 145, 146, 147, 148, 149, 150, 151, 152, 153, 154, 155, 156, 157, 158, 159, 160, 161, 162, 163, 164, 165, 166, 167, 168, 169, 170, 171, 172, 173, 174, 175, 176, 177, 178, 179, 180, 181, 182, 183, 184, 185, 186, 187, 188, 189, 190, 191, 192, 193, 194, 195, 196, 197, 198, 199, 200, 201, 202, 203, 204, 205, 206, 207, 208, 209, 210, 211, 212, 213, 214, 215, 216, 217, 219, 220, 221, 222, 224, 225, 226, 227, 229, 230, 231, 232, 234, 235, 236, 237, 239, 240, 241, 242, 243, 245, 246, 247, 248, 250, 251, 252, 253, 255, 256, 257, 258, 259, 261, 262, 263, 264, 266, 267, 268, 269, 270, 272, 273, 274, 275, 276, 278, 279, 280, 281, 282, 284, 285, 286, 287, 288, 290, 291, 292, 293, 294, 296, 297, 298, 299, 300, 302, 303, 304, 305, 306, 308, 309, 310, 311, 312, 313, 315, 316, 317, 318, 319, 321, 322, 323, 324, 325, 326, 328, 329, 330, 331, 332, 333, 335, 336, 337, 338, 339, 340, 341, 345, 346, 350, 353, 357, 358, 359, 360, 366, 367, 368, 369, 374, 375, 378, 383, 395, 396, 430, 431, 432, 446, 447, 552, 223, 228, 233, 238, 244, 249, 260, 265, 271, 277, 283, 289, 295, 301, 307, 314, 327, 433, 417, 363, 544, 397, 442, 451, 443, 538, 402, 406, 439, 452, 484, 491, 494, 842, 444, 449, 530, 429, 414, 419, 506, 482, 522, 535, 525, 527, 526, 551, 564, 572, 577, 543, 569, 584, 553, 565, 576, 557, 559, 582, 547, 550, 563, 573, 578, 555, 567, 574, 579, 571, 581, 568, 583, 597, 591, 637, 615, 617, 616, 618, 634, 624, 663, 650, 675, 683, 677, 681, 682, 757, 724, 736, 738, 758, 760, 735, 737, 759, 762, 733, 742, 743, 764, 763, 780, 782, 787, 781, 784, 788, 786, 805, 820, 802, 821, 822, 814, 816, 828, 837, 815, 829, 839, 863, 862, 864, 865, 852, 866, 906, 861, 857, 882, 878, 883, 875, 888, 889, 902, 904, 898, 903, 938, 942, 945, 950, 959, 966, 951, 965, 994];

Decomposition solution:
Meaning of solution vector: [P   267 [k=2 v=0] gets set {7}, P   345 [k=2 v=0] gets set {16}, P   352 [k=2 v=0] gets set {13}, P   405 [k=2 v=0] gets set {5}, P   757 [k=2 v=0] gets set {4}, P  1077 [k=2 v=0] gets set {21}, P  1302 [k=2 v=0] gets set {24}, P  1684 [k=2 v=0] gets set {17}, P  1716 [k=2 v=0] gets set {39}, P  1907 [k=2 v=0] gets set {1}, P  1992 [k=2 v=0] gets set {4}, P  2172 [k=2 v=0] gets set {12}, P  2176 [k=2 v=0] gets set {16}, P  2300 [k=2 v=0] gets set {23}, P  2340 [k=2 v=0] gets set {14}, P  2550 [k=2 v=0] gets set {29}, P  2552 [k=2 v=0] gets set {6}, P  2789 [k=2 v=0] gets set {13}, P  2831 [k=2 v=0] gets set {7}, P  2878 [k=2 v=0] gets set {5}, P  2903 [k=2 v=0] gets set {2}, P  2923 [k=2 v=0] gets set {12}, P  3055 [k=2 v=0] gets set {4}, P  3072 [k=2 v=0] gets set {2}, P  3166 [k=2 v=0] gets set {2}, P  3252 [k=2 v=0] gets set {4}, P  3319 [k=2 v=0] gets set {2}, P  3354 [k=2 v=0] gets set {10}, P  3440 [k=2 v=0] gets set {30}, P  3558 [k=2 v=0] gets set {1}, P  3662 [k=2 v=0] gets set {18}, P  3704 [k=2 v=0] gets set {12}, P  4249 [k=2 v=0] gets set {4}, P  4302 [k=2 v=0] gets set {16}, P  4399 [k=2 v=0] gets set {31}, P  4548 [k=2 v=0] gets set {32}, P  4587 [k=2 v=0] gets set {12}, P  4697 [k=2 v=0] gets set {12}, P  4706 [k=2 v=0] gets set {7}, P  4856 [k=2 v=0] gets set {11}, P  4877 [k=2 v=0] gets set {9}, P  4919 [k=2 v=0] gets set {16}, P  4934 [k=2 v=0] gets set {3}, P  4963 [k=2 v=0] gets set {8}, P  4987 [k=2 v=0] gets set {10}, P  5022 [k=2 v=0] gets set {14}, P  5064 [k=2 v=0] gets set {3}, P  5125 [k=2 v=0] gets set {15}, P  5136 [k=2 v=0] gets set {2}, P  5154 [k=2 v=0] gets set {19}, P  5200 [k=2 v=0] gets set {2}, P  5260 [k=2 v=0] gets set {20}, P  5627 [k=2 v=0] gets set {42}, P  5806 [k=2 v=0] gets set {4}, P  5883 [k=2 v=0] gets set {13}, P  6131 [k=2 v=0] gets set {11}, P  6191 [k=2 v=0] gets set {3}, P  6424 [k=2 v=0] gets set {12}, P  6426 [k=2 v=0] gets set {8}, P  6609 [k=2 v=0] gets set {2}, P  6715 [k=2 v=0] gets set {15}, P  6722 [k=2 v=0] gets set {10}, P  6844 [k=2 v=0] gets set {3}, P  6934 [k=2 v=0] gets set {8}, P  7128 [k=2 v=0] gets set {14}, P  7227 [k=2 v=0] gets set {3}, P  7623 [k=2 v=0] gets set {8}, P  7656 [k=2 v=0] gets set {3}, P  7752 [k=2 v=0] gets set {16}, P  7964 [k=2 v=0] gets set {9}, P  7983 [k=2 v=0] gets set {18}, P  8163 [k=2 v=0] gets set {7}, P  8212 [k=2 v=0] gets set {16}, P  8326 [k=2 v=0] gets set {3}, P  8648 [k=2 v=0] gets set {22}, P  8766 [k=2 v=0] gets set {7}, P  8770 [k=2 v=0] gets set {3}, P  8800 [k=2 v=0] gets set {8}, P  8873 [k=2 v=0] gets set {18}, P  8946 [k=2 v=0] gets set {4}, P  9026 [k=2 v=0] gets set {3}, P  9088 [k=2 v=0] gets set {7}, P  9104 [k=2 v=0] gets set {1}, P  9124 [k=2 v=0] gets set {13}, P  9184 [k=2 v=0] gets set {8}, P  9251 [k=2 v=0] gets set {6}, P  9399 [k=2 v=0] gets set {3}, P  9450 [k=2 v=0] gets set {6}, P  9537 [k=2 v=0] gets set {27}, P  9555 [k=2 v=0] gets set {7}, P  9989 [k=2 v=0] gets set {11}]
Probabilities and corresponding integer solution:
lambda_113 = 0.453125 and welfare = 1794.353607 and x_l = [0, 0, 0, 0, 0, 0, 0, 0, 0, 0, 0, 0, 0, 0, 0, 0, 0, 0, 0, 0, 0, 0, 0, 0, 0, 0, 0, 0, 0, 0, 0, 0, 0, 0, 0, 0, 0, 0, 0, 0, 0, 0, 0, 0, 0, 0, 0, 0, 0, 0, 0, 0, 0, 0, 0, 0, 0, 0, 0, 0, 0, 0, 0, 0, 0, 0, 0, 0, 0, 0, 0, 0, 0, 0, 0, 1, 1, 1, 1, 1, 1, 1, 1, 1, 1, 1, 1, 1, 1, 1, 0]
lambda_115 = 0.406250 and welfare = 12886.559298 and x_l = [1, 1, 1, 1, 1, 1, 1, 1, 1, 1, 1, 1, 1, 1, 1, 1, 1, 1, 1, 1, 1, 1, 1, 1, 1, 1, 1, 1, 1, 1, 1, 1, 1, 1, 1, 1, 1, 1, 1, 1, 1, 1, 1, 1, 1, 1, 1, 1, 1, 1, 1, 1, 1, 1, 1, 1, 1, 1, 1, 1, 1, 1, 1, 1, 1, 1, 1, 1, 1, 1, 1, 1, 1, 1, 1, 0, 0, 0, 0, 0, 0, 0, 0, 0, 0, 0, 0, 0, 0, 0, 1]
lambda_117 = 0.046875 and welfare = 13045.194436 and x_l = [1, 0, 1, 1, 1, 1, 1, 1, 1, 1, 1, 1, 1, 1, 1, 1, 1, 1, 1, 1, 1, 1, 1, 1, 1, 1, 1, 1, 1, 1, 1, 1, 1, 1, 1, 1, 1, 1, 1, 1, 1, 1, 1, 1, 1, 1, 1, 1, 1, 1, 1, 1, 1, 1, 1, 1, 1, 1, 1, 1, 1, 1, 1, 1, 1, 1, 1, 1, 1, 1, 1, 1, 1, 1, 1, 0, 0, 0, 0, 0, 0, 0, 0, 0, 0, 0, 0, 0, 1, 0, 1]
lambda_129 = 0.046875 and welfare = 1367.461930 and x_l = [0, 0, 0, 0, 0, 0, 0, 0, 0, 0, 0, 0, 0, 0, 0, 0, 0, 0, 0, 0, 0, 0, 0, 0, 0, 0, 0, 0, 0, 0, 0, 0, 0, 0, 0, 0, 0, 0, 0, 0, 0, 0, 0, 0, 0, 0, 0, 0, 0, 0, 0, 0, 0, 0, 0, 0, 0, 0, 0, 0, 0, 0, 0, 0, 0, 0, 0, 0, 0, 0, 0, 0, 0, 0, 0, 1, 1, 1, 1, 1, 1, 1, 1, 1, 1, 1, 0, 1, 0, 1, 0]
lambda_131 = 0.046875 and welfare = 12704.633576 and x_l = [1, 0, 1, 1, 1, 1, 1, 1, 1, 1, 1, 1, 1, 1, 1, 1, 1, 1, 1, 1, 1, 1, 1, 1, 1, 1, 1, 1, 1, 1, 1, 1, 1, 1, 1, 1, 1, 1, 1, 1, 1, 1, 1, 1, 1, 1, 1, 1, 1, 1, 1, 1, 1, 1, 1, 1, 1, 1, 1, 1, 1, 1, 1, 1, 1, 1, 1, 1, 1, 1, 1, 1, 1, 1, 1, 0, 0, 0, 0, 0, 0, 0, 0, 0, 0, 0, 1, 0, 0, 0, 1]
lambda_else = 0
Using 5 out of 411 integer solutions.
Expected social welfare: 7319.354159
Objective value of primal LP: 1.000000


