Analysis results no. 17

Ellipsoid method stopped in iteration 1000 because reached N.
Ellipsoid parameters: cut=central; eps=0.000000; N=1000; R=9.591663.
Ellipsoid performance: runtime=988.625382 sec.; constraint-cuts=778.

First iteration in which primal was feasible: 131.
In total 353 integer solutions where found, whereas 16 where used by primal.

Solution quality:
Expected social welfare=7319.354159
Absolute deviation=6114.131628
Variance=37582316.295436
Standard deviation=6130.441770
Coefficient of variation=0.837566

Distribution of constraint cuts:
cons_cuts=[4, 5, 7, 9, 11, 13, 15, 17, 19, 21, 23, 25, 27, 29, 31, 33, 35, 37, 39, 41, 43, 45, 47, 49, 51, 53, 55, 57, 59, 61, 63, 65, 67, 69, 71, 73, 75, 77, 79, 81, 83, 85, 86, 88, 89, 91, 93, 95, 97, 98, 100, 102, 104, 106, 107, 109, 111, 113, 115, 116, 118, 119, 121, 122, 124, 125, 127, 128, 129, 131, 132, 133, 135, 137, 138, 139, 141, 142, 143, 145, 146, 148, 150, 151, 152, 154, 155, 156, 158, 160, 161, 162, 164, 165, 166, 168, 169, 171, 172, 173, 175, 176, 177, 179, 180, 182, 183, 184, 186, 187, 188, 190, 192, 193, 194, 196, 197, 198, 200, 201, 203, 204, 205, 207, 208, 209, 211, 212, 214, 216, 217, 218, 219, 221, 222, 224, 226, 227, 228, 229, 231, 232, 234, 235, 236, 238, 239, 240, 242, 243, 245, 246, 247, 249, 250, 251, 253, 254, 255, 257, 258, 259, 261, 262, 263, 265, 266, 268, 269, 270, 272, 273, 274, 276, 277, 279, 280, 281, 283, 284, 286, 287, 288, 290, 291, 292, 294, 295, 296, 298, 299, 300, 301, 303, 304, 305, 307, 308, 309, 311, 312, 313, 315, 316, 317, 319, 320, 321, 322, 324, 325, 327, 328, 329, 330, 332, 333, 334, 336, 337, 338, 340, 341, 342, 344, 345, 346, 348, 349, 350, 352, 353, 354, 356, 357, 358, 360, 361, 362, 363, 365, 366, 367, 368, 370, 371, 372, 373, 375, 376, 377, 379, 380, 381, 383, 384, 385, 386, 388, 389, 390, 391, 393, 394, 395, 397, 398, 399, 400, 401, 403, 404, 405, 406, 408, 409, 410, 411, 413, 414, 415, 416, 418, 419, 420, 421, 423, 424, 425, 426, 428, 429, 430, 431, 433, 434, 435, 437, 438, 439, 440, 442, 443, 444, 445, 447, 448, 449, 450, 452, 453, 454, 456, 457, 458, 459, 461, 462, 463, 465, 466, 467, 468, 470, 471, 472, 474, 475, 476, 478, 479, 480, 481, 483, 484, 485, 486, 488, 489, 490, 491, 493, 494, 495, 497, 498, 499, 500, 501, 502, 504, 505, 506, 507, 508, 510, 511, 512, 513, 514, 516, 517, 518, 519, 521, 522, 523, 524, 525, 527, 528, 529, 530, 531, 533, 534, 535, 536, 537, 539, 540, 541, 542, 543, 545, 546, 547, 548, 550, 551, 552, 553, 554, 556, 557, 558, 559, 561, 562, 563, 564, 566, 567, 568, 569, 570, 572, 573, 574, 575, 577, 578, 579, 580, 581, 582, 584, 585, 586, 587, 589, 590, 591, 592, 593, 595, 596, 597, 598, 600, 601, 602, 603, 604, 605, 607, 608, 609, 610, 611, 613, 614, 615, 616, 617, 619, 620, 621, 622, 623, 625, 626, 627, 628, 629, 630, 632, 633, 634, 635, 636, 638, 639, 640, 641, 642, 644, 645, 646, 647, 648, 649, 651, 652, 653, 654, 655, 656, 658, 659, 660, 661, 662, 664, 665, 666, 667, 668, 669, 671, 672, 673, 674, 675, 676, 678, 679, 680, 681, 682, 683, 684, 686, 687, 688, 689, 690, 691, 693, 694, 695, 696, 697, 698, 700, 701, 702, 703, 704, 705, 707, 708, 709, 710, 711, 712, 714, 715, 716, 717, 718, 719, 721, 722, 723, 724, 725, 727, 728, 729, 730, 731, 732, 734, 735, 736, 737, 738, 740, 741, 742, 743, 744, 746, 747, 748, 749, 751, 752, 753, 754, 755, 757, 758, 759, 760, 761, 763, 764, 765, 766, 768, 769, 770, 771, 772, 773, 775, 776, 777, 778, 780, 781, 782, 783, 784, 786, 787, 788, 789, 790, 791, 792, 794, 795, 796, 797, 798, 799, 800, 802, 803, 804, 805, 806, 807, 808, 809, 811, 812, 813, 814, 815, 816, 817, 818, 820, 821, 822, 823, 824, 825, 826, 827, 828, 829, 831, 832, 833, 834, 835, 836, 837, 838, 840, 841, 842, 843, 844, 845, 846, 847, 848, 850, 851, 852, 853, 854, 855, 856, 857, 859, 860, 861, 862, 863, 864, 865, 866, 868, 869, 870, 871, 872, 873, 874, 875, 877, 878, 879, 880, 881, 882, 883, 884, 886, 887, 888, 889, 890, 891, 892, 893, 894, 896, 897, 898, 899, 900, 901, 902, 903, 905, 906, 907, 908, 909, 910, 911, 913, 914, 915, 916, 917, 918, 919, 921, 922, 923, 924, 925, 926, 927, 928, 929, 931, 932, 933, 934, 935, 936, 937, 938, 940, 941, 942, 943, 944, 945, 946, 947, 948, 950, 951, 952, 953, 954, 955, 956, 957, 959, 960, 961, 962, 963, 964, 965, 966, 968, 969, 970, 971, 972, 973, 974, 975, 976, 978, 979, 980, 981, 982, 983, 984, 985, 986, 988, 989, 990, 991, 992, 993, 994, 995, 996, 998, 999, 1000];
Distribution of found integer solutions:
int_sols=[4, 13, 15, 17, 25, 35, 53, 63, 73, 77, 79, 86, 88, 93, 95, 97, 98, 100, 107, 115, 116, 118, 119, 121, 122, 124, 125, 127, 128, 129, 131, 132, 133, 135, 137, 138, 139, 146, 148, 150, 152, 154, 155, 156, 158, 160, 165, 166, 182, 183, 184, 187, 188, 190, 193, 194, 196, 216, 217, 218, 221, 222, 224, 226, 229, 231, 232, 234, 239, 240, 245, 246, 247, 254, 255, 259, 269, 270, 272, 273, 274, 276, 277, 280, 283, 284, 286, 287, 288, 290, 291, 292, 296, 298, 319, 320, 327, 328, 340, 341, 357, 358, 360, 361, 362, 388, 389, 390, 391, 393, 394, 395, 397, 398, 399, 434, 435, 438, 483, 484, 485, 489, 498, 499, 501, 502, 504, 505, 506, 507, 508, 510, 511, 512, 513, 517, 518, 519, 521, 522, 523, 524, 525, 527, 528, 529, 530, 567, 568, 572, 573, 579, 580, 584, 585, 589, 590, 591, 592, 596, 597, 598, 600, 601, 604, 605, 607, 608, 609, 610, 611, 613, 614, 615, 616, 617, 619, 620, 621, 622, 623, 625, 626, 632, 633, 634, 635, 638, 644, 645, 646, 647, 651, 652, 653, 654, 655, 656, 658, 659, 660, 661, 662, 664, 665, 666, 667, 668, 669, 671, 673, 674, 675, 676, 678, 679, 680, 681, 682, 683, 684, 686, 687, 688, 689, 690, 691, 693, 694, 697, 698, 704, 705, 718, 719, 725, 727, 768, 769, 780, 781, 789, 790, 791, 792, 794, 795, 797, 812, 813, 814, 815, 816, 817, 818, 820, 821, 822, 823, 824, 827, 828, 829, 831, 832, 833, 834, 835, 838, 840, 841, 842, 843, 844, 845, 851, 856, 857, 859, 860, 863, 864, 865, 866, 868, 875, 877, 878, 879, 880, 881, 882, 888, 889, 890, 891, 892, 893, 894, 896, 897, 899, 900, 901, 909, 913, 915, 916, 917, 918, 919, 921, 928, 929, 935, 936, 937, 938, 940, 941, 942, 943, 944, 945, 946, 947, 953, 954, 957, 959, 965, 966, 968, 969, 970, 971, 973, 974, 975, 976, 978, 983, 986, 988, 989, 990, 993, 994, 995, 996, 998, 999, 1000];
Distribution of found duplicates:
int_dupl=[5, 7, 9, 11, 19, 29, 39, 47, 21, 31, 49, 57, 281, 516, 23, 33, 41, 43, 51, 59, 61, 67, 69, 27, 37, 45, 55, 65, 75, 83, 91, 111, 214, 219, 268, 85, 89, 104, 71, 81, 109, 102, 113, 106, 145, 262, 141, 143, 151, 142, 263, 192, 186, 161, 164, 172, 175, 177, 207, 209, 212, 162, 173, 176, 208, 211, 168, 171, 179, 205, 495, 169, 180, 258, 497, 197, 200, 203, 265, 198, 201, 204, 266, 257, 227, 228, 251, 253, 235, 238, 236, 242, 243, 261, 249, 250, 279, 493, 494, 514, 294, 304, 307, 322, 336, 338, 352, 295, 303, 305, 308, 321, 324, 334, 337, 350, 299, 301, 309, 312, 315, 317, 325, 330, 333, 346, 300, 311, 313, 316, 329, 332, 345, 342, 344, 348, 353, 356, 349, 354, 371, 384, 386, 370, 372, 383, 385, 363, 366, 368, 373, 376, 379, 381, 365, 367, 375, 377, 380, 486, 488, 490, 403, 405, 408, 418, 420, 433, 445, 461, 463, 476, 481, 401, 404, 406, 409, 416, 419, 421, 431, 444, 449, 459, 462, 467, 475, 480, 400, 410, 413, 415, 423, 425, 428, 430, 440, 443, 450, 453, 456, 458, 468, 471, 474, 411, 414, 424, 426, 429, 439, 442, 452, 454, 457, 470, 472, 437, 447, 465, 478, 448, 466, 479, 500, 491, 539, 551, 553, 566, 582, 595, 535, 540, 550, 552, 554, 564, 569, 581, 593, 536, 537, 534, 546, 548, 556, 558, 561, 563, 570, 575, 587, 547, 557, 559, 562, 574, 586, 531, 541, 543, 533, 542, 545, 577, 639, 641, 578, 640, 642, 648, 649, 636, 603, 602, 627, 629, 628, 630, 672, 964, 695, 707, 709, 721, 723, 732, 735, 747, 749, 752, 761, 764, 766, 773, 776, 696, 703, 708, 710, 717, 722, 724, 731, 734, 736, 746, 748, 751, 753, 760, 763, 765, 772, 775, 777, 700, 702, 711, 714, 716, 728, 730, 737, 740, 742, 744, 754, 757, 759, 771, 778, 701, 712, 715, 729, 738, 741, 743, 755, 758, 770, 782, 784, 787, 783, 786, 788, 796, 803, 805, 807, 798, 800, 809, 804, 806, 799, 802, 808, 811, 825, 826, 836, 837, 850, 852, 854, 846, 848, 847, 853, 855, 914, 861, 862, 874, 886, 869, 871, 873, 870, 872, 887, 883, 884, 898, 908, 910, 902, 905, 907, 903, 906, 911, 931, 927, 932, 922, 924, 926, 933, 923, 925, 934, 952, 951, 960, 961, 948, 950, 955, 956, 963, 962, 972, 982, 984, 979, 981, 980, 985, 991, 992];

Decomposition solution:
Meaning of solution vector: [P   267 [k=2 v=0] gets set {7}, P   345 [k=2 v=0] gets set {16}, P   352 [k=2 v=0] gets set {13}, P   405 [k=2 v=0] gets set {5}, P   757 [k=2 v=0] gets set {4}, P  1077 [k=2 v=0] gets set {21}, P  1302 [k=2 v=0] gets set {24}, P  1684 [k=2 v=0] gets set {17}, P  1716 [k=2 v=0] gets set {39}, P  1907 [k=2 v=0] gets set {1}, P  1992 [k=2 v=0] gets set {4}, P  2172 [k=2 v=0] gets set {12}, P  2176 [k=2 v=0] gets set {16}, P  2300 [k=2 v=0] gets set {23}, P  2340 [k=2 v=0] gets set {14}, P  2550 [k=2 v=0] gets set {29}, P  2552 [k=2 v=0] gets set {6}, P  2789 [k=2 v=0] gets set {13}, P  2831 [k=2 v=0] gets set {7}, P  2878 [k=2 v=0] gets set {5}, P  2903 [k=2 v=0] gets set {2}, P  2923 [k=2 v=0] gets set {12}, P  3055 [k=2 v=0] gets set {4}, P  3072 [k=2 v=0] gets set {2}, P  3166 [k=2 v=0] gets set {2}, P  3252 [k=2 v=0] gets set {4}, P  3319 [k=2 v=0] gets set {2}, P  3354 [k=2 v=0] gets set {10}, P  3440 [k=2 v=0] gets set {30}, P  3558 [k=2 v=0] gets set {1}, P  3662 [k=2 v=0] gets set {18}, P  3704 [k=2 v=0] gets set {12}, P  4249 [k=2 v=0] gets set {4}, P  4302 [k=2 v=0] gets set {16}, P  4399 [k=2 v=0] gets set {31}, P  4548 [k=2 v=0] gets set {32}, P  4587 [k=2 v=0] gets set {12}, P  4697 [k=2 v=0] gets set {12}, P  4706 [k=2 v=0] gets set {7}, P  4856 [k=2 v=0] gets set {11}, P  4877 [k=2 v=0] gets set {9}, P  4919 [k=2 v=0] gets set {16}, P  4934 [k=2 v=0] gets set {3}, P  4963 [k=2 v=0] gets set {8}, P  4987 [k=2 v=0] gets set {10}, P  5022 [k=2 v=0] gets set {14}, P  5064 [k=2 v=0] gets set {3}, P  5125 [k=2 v=0] gets set {15}, P  5136 [k=2 v=0] gets set {2}, P  5154 [k=2 v=0] gets set {19}, P  5200 [k=2 v=0] gets set {2}, P  5260 [k=2 v=0] gets set {20}, P  5627 [k=2 v=0] gets set {42}, P  5806 [k=2 v=0] gets set {4}, P  5883 [k=2 v=0] gets set {13}, P  6131 [k=2 v=0] gets set {11}, P  6191 [k=2 v=0] gets set {3}, P  6424 [k=2 v=0] gets set {12}, P  6426 [k=2 v=0] gets set {8}, P  6609 [k=2 v=0] gets set {2}, P  6715 [k=2 v=0] gets set {15}, P  6722 [k=2 v=0] gets set {10}, P  6844 [k=2 v=0] gets set {3}, P  6934 [k=2 v=0] gets set {8}, P  7128 [k=2 v=0] gets set {14}, P  7227 [k=2 v=0] gets set {3}, P  7623 [k=2 v=0] gets set {8}, P  7656 [k=2 v=0] gets set {3}, P  7752 [k=2 v=0] gets set {16}, P  7964 [k=2 v=0] gets set {9}, P  7983 [k=2 v=0] gets set {18}, P  8163 [k=2 v=0] gets set {7}, P  8212 [k=2 v=0] gets set {16}, P  8326 [k=2 v=0] gets set {3}, P  8648 [k=2 v=0] gets set {22}, P  8766 [k=2 v=0] gets set {7}, P  8770 [k=2 v=0] gets set {3}, P  8800 [k=2 v=0] gets set {8}, P  8873 [k=2 v=0] gets set {18}, P  8946 [k=2 v=0] gets set {4}, P  9026 [k=2 v=0] gets set {3}, P  9088 [k=2 v=0] gets set {7}, P  9104 [k=2 v=0] gets set {1}, P  9124 [k=2 v=0] gets set {13}, P  9184 [k=2 v=0] gets set {8}, P  9251 [k=2 v=0] gets set {6}, P  9399 [k=2 v=0] gets set {3}, P  9450 [k=2 v=0] gets set {6}, P  9537 [k=2 v=0] gets set {27}, P  9555 [k=2 v=0] gets set {7}, P  9989 [k=2 v=0] gets set {11}]
Probabilities and corresponding integer solution:
lambda_26 = 0.024083 and welfare = 13207.209051 and x_l = [1, 0, 1, 1, 1, 1, 1, 1, 1, 1, 1, 1, 1, 1, 1, 1, 1, 1, 1, 1, 1, 1, 1, 1, 1, 1, 1, 1, 1, 1, 1, 1, 1, 1, 1, 1, 1, 1, 1, 1, 1, 1, 1, 1, 1, 1, 1, 1, 1, 1, 1, 1, 1, 1, 1, 1, 1, 1, 1, 1, 1, 1, 1, 1, 1, 1, 1, 1, 1, 1, 1, 1, 1, 1, 1, 1, 1, 1, 1, 0, 1, 0, 0, 0, 0, 1, 1, 0, 0, 0, 0]
lambda_37 = 0.031116 and welfare = 13048.668077 and x_l = [1, 1, 1, 1, 1, 1, 1, 1, 1, 1, 1, 1, 1, 1, 1, 1, 1, 1, 1, 1, 1, 1, 1, 1, 1, 1, 1, 1, 1, 1, 1, 1, 1, 1, 1, 1, 1, 1, 1, 1, 1, 1, 1, 1, 1, 1, 1, 1, 1, 1, 1, 1, 0, 1, 1, 1, 1, 1, 1, 1, 1, 1, 1, 1, 1, 1, 1, 1, 1, 1, 1, 1, 1, 1, 1, 1, 1, 1, 1, 0, 0, 0, 0, 0, 0, 0, 0, 0, 1, 0, 0]
lambda_39 = 0.040198 and welfare = 2504.793857 and x_l = [0, 1, 0, 0, 0, 0, 0, 0, 0, 0, 0, 0, 0, 0, 0, 0, 0, 0, 0, 0, 0, 0, 0, 0, 0, 0, 0, 0, 0, 0, 0, 0, 0, 0, 0, 0, 0, 0, 0, 0, 0, 0, 0, 0, 0, 0, 0, 0, 0, 0, 0, 0, 1, 0, 0, 0, 0, 0, 0, 0, 0, 0, 0, 0, 0, 0, 0, 0, 0, 0, 0, 0, 0, 0, 0, 0, 0, 0, 1, 1, 1, 1, 1, 1, 1, 1, 1, 1, 1, 1, 1]
lambda_57 = 0.056312 and welfare = 1758.015188 and x_l = [0, 1, 0, 0, 0, 0, 0, 0, 0, 0, 0, 0, 0, 0, 0, 0, 0, 0, 0, 0, 0, 0, 0, 0, 0, 0, 0, 0, 0, 0, 0, 0, 0, 0, 0, 0, 0, 0, 0, 0, 0, 0, 0, 0, 0, 0, 0, 0, 0, 0, 0, 0, 1, 0, 0, 0, 0, 0, 0, 0, 0, 0, 0, 0, 0, 0, 0, 0, 0, 0, 0, 0, 0, 0, 0, 0, 0, 0, 0, 1, 1, 1, 1, 1, 1, 1, 1, 1, 0, 0, 1]
lambda_91 = 0.037794 and welfare = 1693.094841 and x_l = [0, 0, 0, 0, 0, 0, 0, 0, 0, 0, 0, 0, 0, 0, 0, 0, 0, 0, 0, 0, 0, 0, 0, 0, 0, 0, 0, 0, 0, 0, 0, 0, 0, 0, 0, 0, 0, 0, 0, 0, 0, 0, 0, 0, 0, 0, 0, 0, 0, 0, 0, 0, 1, 0, 0, 0, 0, 0, 0, 0, 0, 0, 0, 0, 0, 0, 0, 0, 0, 0, 0, 0, 0, 0, 0, 0, 0, 0, 1, 1, 1, 1, 1, 0, 1, 0, 0, 1, 1, 0, 0]
lambda_123 = 0.080217 and welfare = 13554.669655 and x_l = [1, 0, 1, 1, 1, 1, 1, 1, 1, 1, 1, 1, 1, 1, 1, 1, 1, 1, 1, 1, 1, 1, 1, 1, 1, 1, 1, 1, 1, 1, 1, 1, 1, 1, 1, 1, 1, 1, 1, 1, 1, 1, 1, 1, 1, 1, 1, 1, 1, 1, 1, 1, 1, 1, 1, 1, 1, 1, 1, 1, 1, 1, 1, 1, 1, 1, 1, 1, 1, 1, 1, 1, 1, 1, 1, 1, 1, 1, 0, 0, 1, 0, 0, 1, 1, 0, 1, 0, 1, 0, 0]
lambda_200 = 0.108930 and welfare = 805.757683 and x_l = [0, 0, 0, 0, 0, 0, 0, 0, 0, 0, 0, 0, 0, 0, 0, 0, 0, 0, 0, 0, 0, 0, 0, 0, 0, 0, 0, 0, 0, 0, 0, 0, 0, 0, 0, 0, 0, 0, 0, 0, 0, 0, 0, 0, 0, 0, 0, 0, 0, 0, 0, 0, 0, 0, 0, 0, 0, 0, 0, 0, 0, 0, 0, 0, 0, 0, 0, 0, 0, 0, 0, 0, 0, 0, 0, 0, 0, 0, 0, 0, 0, 1, 1, 0, 0, 1, 1, 0, 1, 0, 1]
lambda_204 = 0.036681 and welfare = 14157.642273 and x_l = [1, 0, 1, 1, 1, 1, 1, 1, 1, 1, 1, 1, 1, 1, 1, 1, 1, 1, 1, 1, 1, 1, 1, 1, 1, 1, 1, 1, 1, 1, 1, 1, 1, 1, 1, 1, 1, 1, 1, 1, 1, 1, 1, 1, 1, 1, 1, 1, 1, 1, 1, 1, 1, 1, 1, 1, 1, 1, 1, 1, 1, 1, 1, 1, 1, 1, 1, 1, 1, 1, 1, 1, 1, 1, 1, 1, 1, 1, 1, 0, 0, 1, 1, 0, 1, 1, 1, 1, 1, 1, 1]
lambda_222 = 0.074475 and welfare = 1235.175331 and x_l = [0, 1, 0, 0, 0, 0, 0, 0, 0, 0, 0, 0, 0, 0, 0, 0, 0, 0, 0, 0, 0, 0, 0, 0, 0, 0, 0, 0, 0, 0, 0, 0, 0, 0, 0, 0, 0, 0, 0, 0, 0, 0, 0, 0, 0, 0, 0, 0, 0, 0, 0, 0, 1, 0, 0, 0, 0, 0, 0, 0, 0, 0, 0, 0, 0, 0, 0, 0, 0, 0, 0, 0, 0, 0, 0, 0, 0, 0, 0, 1, 0, 0, 0, 1, 0, 0, 0, 0, 0, 0, 1]
lambda_241 = 0.029825 and welfare = 544.306657 and x_l = [0, 0, 0, 0, 0, 0, 0, 0, 0, 0, 0, 0, 0, 0, 0, 0, 0, 0, 0, 0, 0, 0, 0, 0, 0, 0, 0, 0, 0, 0, 0, 0, 0, 0, 0, 0, 0, 0, 0, 0, 0, 0, 0, 0, 0, 0, 0, 0, 0, 0, 0, 0, 0, 0, 0, 0, 0, 0, 0, 0, 0, 0, 0, 0, 0, 0, 0, 0, 0, 0, 0, 0, 0, 0, 0, 0, 0, 0, 0, 1, 0, 0, 0, 1, 1, 0, 0, 0, 0, 0, 1]
lambda_246 = 0.096332 and welfare = 13363.671295 and x_l = [1, 1, 1, 1, 1, 1, 1, 1, 1, 1, 1, 1, 1, 1, 1, 1, 1, 1, 1, 1, 1, 1, 1, 1, 1, 1, 1, 1, 1, 1, 1, 1, 1, 1, 1, 1, 1, 1, 1, 1, 1, 1, 1, 1, 1, 1, 1, 1, 1, 1, 1, 1, 0, 1, 1, 1, 1, 1, 1, 1, 1, 1, 1, 1, 1, 1, 1, 1, 1, 1, 1, 1, 1, 1, 1, 1, 1, 1, 1, 0, 1, 1, 1, 0, 1, 0, 1, 1, 0, 1, 1]
lambda_254 = 0.042423 and welfare = 1290.888464 and x_l = [0, 0, 0, 0, 0, 0, 0, 0, 0, 0, 0, 0, 0, 0, 0, 0, 0, 0, 0, 0, 0, 0, 0, 0, 0, 0, 0, 0, 0, 0, 0, 0, 0, 0, 0, 0, 0, 0, 0, 0, 0, 0, 0, 0, 0, 0, 0, 0, 0, 0, 0, 0, 1, 0, 0, 0, 0, 0, 0, 0, 0, 0, 0, 0, 0, 0, 0, 0, 0, 0, 0, 0, 0, 0, 0, 0, 0, 0, 0, 1, 1, 0, 0, 0, 0, 0, 1, 0, 1, 0, 1]
lambda_286 = 0.108930 and welfare = 13006.701098 and x_l = [1, 0, 1, 1, 1, 1, 1, 1, 1, 1, 1, 1, 1, 1, 1, 1, 1, 1, 1, 1, 1, 1, 1, 1, 1, 1, 1, 1, 1, 1, 1, 1, 1, 1, 1, 1, 1, 1, 1, 1, 1, 1, 1, 1, 1, 1, 1, 1, 1, 1, 1, 1, 0, 1, 1, 1, 1, 1, 1, 1, 1, 1, 1, 1, 1, 1, 1, 1, 1, 1, 1, 1, 1, 1, 1, 1, 1, 1, 1, 1, 0, 1, 1, 1, 0, 1, 0, 0, 0, 1, 0]
lambda_288 = 0.110043 and welfare = 801.320526 and x_l = [0, 0, 0, 0, 0, 0, 0, 0, 0, 0, 0, 0, 0, 0, 0, 0, 0, 0, 0, 0, 0, 0, 0, 0, 0, 0, 0, 0, 0, 0, 0, 0, 0, 0, 0, 0, 0, 0, 0, 0, 0, 0, 0, 0, 0, 0, 0, 0, 0, 0, 0, 0, 0, 0, 0, 0, 0, 0, 0, 0, 0, 0, 0, 0, 0, 0, 0, 0, 0, 0, 0, 0, 0, 0, 0, 0, 0, 0, 1, 1, 0, 0, 0, 1, 0, 1, 0, 1, 0, 1, 0]
lambda_311 = 0.107817 and welfare = 13741.398922 and x_l = [1, 1, 1, 1, 1, 1, 1, 1, 1, 1, 1, 1, 1, 1, 1, 1, 1, 1, 1, 1, 1, 1, 1, 1, 1, 1, 1, 1, 1, 1, 1, 1, 1, 1, 1, 1, 1, 1, 1, 1, 1, 1, 1, 1, 1, 1, 1, 1, 1, 1, 1, 1, 1, 1, 1, 1, 1, 1, 1, 1, 1, 1, 1, 1, 1, 1, 1, 1, 1, 1, 1, 1, 1, 1, 1, 1, 1, 1, 0, 0, 1, 0, 0, 0, 1, 0, 0, 1, 1, 1, 0]
lambda_332 = 0.014824 and welfare = 13511.504098 and x_l = [1, 0, 1, 1, 1, 1, 1, 1, 1, 1, 1, 1, 1, 1, 1, 1, 1, 1, 1, 1, 1, 1, 1, 1, 1, 1, 1, 1, 1, 1, 1, 1, 1, 1, 1, 1, 1, 1, 1, 1, 1, 1, 1, 1, 1, 1, 1, 1, 1, 1, 1, 1, 0, 1, 1, 1, 1, 1, 1, 1, 1, 1, 1, 1, 1, 1, 1, 1, 1, 1, 1, 1, 1, 1, 1, 1, 1, 1, 1, 0, 1, 1, 1, 0, 1, 1, 1, 1, 1, 0, 1]
lambda_else = 0
Using 16 out of 353 integer solutions.
Expected social welfare: 7319.354159
Objective value of primal LP: 1.000000


