Analysis results no. 6

Ellipsoid method stopped in iteration 1000 because reached N.
Ellipsoid parameters: cut=shallow; eps=0.000000; N=1000; R=9.591663.
Ellipsoid performance: runtime=991.529032 sec.; constraint-cuts=532.

First iteration in which primal was feasible: 11.
In total 153 integer solutions where found, whereas 11 where used by primal.

Solution quality:
Expected social welfare=7319.354159
Absolute deviation=6906.651526
Variance=47928792.204180
Standard deviation=6923.062343
Coefficient of variation=0.945857

Distribution of constraint cuts:
cons_cuts=[2, 3, 5, 7, 9, 11, 13, 15, 17, 19, 21, 23, 25, 27, 29, 31, 33, 35, 37, 39, 41, 43, 44, 46, 48, 50, 52, 54, 56, 58, 60, 62, 64, 66, 68, 70, 72, 74, 76, 78, 80, 82, 84, 86, 88, 90, 91, 93, 95, 97, 98, 100, 101, 102, 104, 106, 108, 110, 112, 114, 116, 118, 120, 122, 124, 126, 127, 129, 131, 133, 135, 137, 139, 141, 143, 145, 147, 149, 151, 153, 155, 157, 159, 161, 163, 164, 166, 168, 170, 172, 174, 176, 178, 180, 182, 184, 185, 186, 188, 189, 191, 193, 195, 197, 199, 200, 202, 204, 206, 208, 210, 212, 214, 216, 218, 220, 222, 224, 226, 228, 230, 232, 234, 236, 237, 239, 241, 243, 245, 247, 249, 251, 253, 255, 257, 259, 261, 263, 265, 267, 269, 270, 272, 273, 274, 276, 278, 280, 281, 283, 285, 287, 289, 291, 293, 295, 297, 299, 301, 303, 305, 307, 309, 311, 313, 314, 316, 318, 320, 322, 324, 326, 328, 330, 332, 334, 336, 338, 340, 342, 344, 346, 348, 350, 352, 354, 356, 357, 359, 360, 361, 363, 364, 366, 368, 370, 372, 374, 376, 378, 380, 382, 383, 385, 387, 389, 391, 393, 395, 397, 399, 401, 403, 405, 407, 409, 411, 413, 415, 416, 418, 420, 422, 424, 426, 428, 430, 432, 434, 435, 437, 438, 439, 441, 443, 445, 447, 448, 450, 452, 454, 456, 458, 460, 462, 464, 466, 468, 470, 472, 474, 476, 478, 479, 481, 483, 485, 487, 489, 491, 493, 495, 497, 499, 501, 503, 505, 507, 509, 511, 513, 515, 517, 518, 520, 522, 524, 525, 527, 528, 529, 531, 533, 535, 537, 539, 540, 542, 544, 546, 548, 550, 552, 554, 556, 558, 560, 562, 564, 566, 568, 570, 571, 573, 575, 577, 579, 581, 583, 585, 587, 589, 591, 593, 595, 597, 599, 601, 603, 604, 606, 607, 608, 609, 611, 613, 615, 617, 619, 621, 623, 625, 627, 629, 631, 632, 634, 636, 638, 640, 642, 644, 646, 648, 650, 652, 654, 656, 658, 660, 662, 664, 665, 667, 669, 671, 673, 675, 677, 679, 681, 683, 685, 687, 689, 690, 692, 693, 694, 696, 697, 699, 701, 703, 705, 707, 709, 711, 713, 715, 717, 719, 721, 722, 724, 726, 728, 730, 732, 734, 736, 738, 740, 742, 744, 746, 748, 750, 752, 754, 756, 757, 759, 761, 763, 765, 767, 769, 771, 773, 774, 776, 777, 778, 780, 782, 783, 785, 787, 789, 791, 793, 795, 797, 799, 801, 803, 805, 807, 808, 810, 812, 814, 816, 818, 820, 822, 824, 826, 828, 830, 832, 834, 836, 838, 840, 841, 843, 845, 847, 849, 850, 852, 853, 854, 856, 858, 860, 862, 864, 865, 867, 869, 871, 873, 875, 877, 879, 881, 883, 885, 887, 889, 891, 893, 894, 896, 898, 900, 902, 904, 906, 908, 910, 912, 914, 916, 918, 920, 922, 924, 926, 928, 929, 931, 933, 934, 936, 937, 938, 940, 942, 944, 945, 947, 949, 951, 953, 955, 957, 959, 961, 963, 965, 966, 968, 970, 972, 974, 976, 978, 980, 982, 984, 986, 988, 990, 992, 994, 996, 997, 999];
Distribution of found integer solutions:
int_sols=[2, 3, 11, 19, 21, 29, 44, 46, 70, 80, 84, 86, 88, 90, 91, 93, 95, 97, 98, 100, 101, 104, 106, 122, 127, 129, 137, 145, 155, 164, 166, 168, 170, 180, 182, 184, 186, 191, 237, 239, 243, 265, 269, 270, 276, 316, 320, 324, 356, 357, 359, 361, 363, 364, 366, 368, 370, 374, 383, 385, 387, 389, 395, 416, 418, 422, 432, 434, 435, 441, 452, 454, 460, 481, 483, 487, 518, 520, 524, 525, 527, 531, 533, 535, 540, 542, 546, 548, 568, 571, 573, 575, 577, 603, 604, 606, 611, 617, 632, 634, 638, 646, 665, 667, 669, 681, 687, 690, 696, 697, 699, 721, 722, 724, 728, 730, 757, 759, 761, 780, 782, 783, 785, 787, 789, 808, 810, 812, 814, 841, 843, 845, 856, 865, 867, 869, 871, 894, 896, 898, 900, 929, 931, 933, 934, 936, 942, 944, 945, 947, 953, 997, 999];
Distribution of found duplicates:
int_dupl=[5, 7, 9, 13, 15, 17, 23, 25, 33, 35, 43, 54, 56, 64, 124, 141, 143, 149, 151, 172, 202, 204, 210, 212, 259, 287, 309, 322, 338, 378, 397, 411, 443, 462, 470, 503, 552, 579, 581, 623, 650, 652, 711, 732, 793, 818, 873, 889, 891, 902, 908, 955, 959, 978, 986, 27, 50, 58, 66, 139, 153, 159, 208, 218, 261, 289, 340, 399, 428, 472, 505, 562, 583, 619, 654, 713, 734, 834, 877, 910, 961, 31, 41, 52, 62, 72, 82, 116, 126, 147, 157, 176, 206, 216, 226, 236, 247, 257, 267, 295, 305, 326, 336, 346, 354, 405, 415, 426, 447, 468, 476, 497, 507, 517, 556, 566, 585, 595, 627, 648, 658, 677, 719, 740, 750, 769, 801, 820, 830, 840, 847, 864, 875, 885, 906, 916, 926, 963, 994, 37, 39, 60, 68, 74, 76, 78, 108, 110, 112, 114, 118, 161, 163, 174, 214, 220, 222, 228, 245, 291, 293, 311, 328, 330, 342, 380, 407, 413, 445, 464, 474, 478, 489, 493, 509, 511, 554, 564, 587, 589, 625, 640, 660, 662, 685, 715, 717, 736, 744, 767, 795, 803, 822, 824, 879, 883, 904, 912, 918, 957, 965, 988, 990, 479, 966, 48, 701, 703, 705, 972, 120, 224, 249, 297, 348, 513, 558, 629, 642, 673, 738, 799, 858, 920, 992, 230, 253, 299, 376, 401, 430, 495, 621, 644, 671, 742, 836, 860, 922, 332, 591, 664, 683, 746, 805, 232, 255, 307, 350, 515, 560, 631, 679, 748, 807, 996, 178, 234, 251, 301, 313, 352, 403, 466, 593, 656, 754, 862, 893, 914, 263, 334, 393, 597, 675, 752, 881, 692, 776, 940, 102, 185, 189, 200, 273, 274, 281, 360, 437, 438, 439, 528, 529, 607, 608, 609, 693, 694, 777, 778, 852, 853, 854, 937, 791, 188, 272, 448, 131, 133, 135, 193, 197, 199, 278, 280, 283, 450, 456, 195, 285, 458, 344, 409, 499, 537, 765, 828, 980, 924, 570, 601, 826, 928, 314, 241, 318, 303, 382, 424, 491, 763, 832, 976, 372, 391, 420, 501, 539, 771, 838, 982, 707, 968, 970, 485, 613, 615, 709, 974, 522, 544, 550, 599, 756, 816, 887, 689, 773, 849, 636, 774, 850, 797, 726, 984, 938, 949, 951];

Decomposition solution:
Meaning of solution vector: [P   267 [k=2 v=0] gets set {7}, P   345 [k=2 v=0] gets set {16}, P   352 [k=2 v=0] gets set {13}, P   405 [k=2 v=0] gets set {5}, P   757 [k=2 v=0] gets set {4}, P  1077 [k=2 v=0] gets set {21}, P  1302 [k=2 v=0] gets set {24}, P  1684 [k=2 v=0] gets set {17}, P  1716 [k=2 v=0] gets set {39}, P  1907 [k=2 v=0] gets set {1}, P  1992 [k=2 v=0] gets set {4}, P  2172 [k=2 v=0] gets set {12}, P  2176 [k=2 v=0] gets set {16}, P  2300 [k=2 v=0] gets set {23}, P  2340 [k=2 v=0] gets set {14}, P  2550 [k=2 v=0] gets set {29}, P  2552 [k=2 v=0] gets set {6}, P  2789 [k=2 v=0] gets set {13}, P  2831 [k=2 v=0] gets set {7}, P  2878 [k=2 v=0] gets set {5}, P  2903 [k=2 v=0] gets set {2}, P  2923 [k=2 v=0] gets set {12}, P  3055 [k=2 v=0] gets set {4}, P  3072 [k=2 v=0] gets set {2}, P  3166 [k=2 v=0] gets set {2}, P  3252 [k=2 v=0] gets set {4}, P  3319 [k=2 v=0] gets set {2}, P  3354 [k=2 v=0] gets set {10}, P  3440 [k=2 v=0] gets set {30}, P  3558 [k=2 v=0] gets set {1}, P  3662 [k=2 v=0] gets set {18}, P  3704 [k=2 v=0] gets set {12}, P  4249 [k=2 v=0] gets set {4}, P  4302 [k=2 v=0] gets set {16}, P  4399 [k=2 v=0] gets set {31}, P  4548 [k=2 v=0] gets set {32}, P  4587 [k=2 v=0] gets set {12}, P  4697 [k=2 v=0] gets set {12}, P  4706 [k=2 v=0] gets set {7}, P  4856 [k=2 v=0] gets set {11}, P  4877 [k=2 v=0] gets set {9}, P  4919 [k=2 v=0] gets set {16}, P  4934 [k=2 v=0] gets set {3}, P  4963 [k=2 v=0] gets set {8}, P  4987 [k=2 v=0] gets set {10}, P  5022 [k=2 v=0] gets set {14}, P  5064 [k=2 v=0] gets set {3}, P  5125 [k=2 v=0] gets set {15}, P  5136 [k=2 v=0] gets set {2}, P  5154 [k=2 v=0] gets set {19}, P  5200 [k=2 v=0] gets set {2}, P  5260 [k=2 v=0] gets set {20}, P  5627 [k=2 v=0] gets set {42}, P  5806 [k=2 v=0] gets set {4}, P  5883 [k=2 v=0] gets set {13}, P  6131 [k=2 v=0] gets set {11}, P  6191 [k=2 v=0] gets set {3}, P  6424 [k=2 v=0] gets set {12}, P  6426 [k=2 v=0] gets set {8}, P  6609 [k=2 v=0] gets set {2}, P  6715 [k=2 v=0] gets set {15}, P  6722 [k=2 v=0] gets set {10}, P  6844 [k=2 v=0] gets set {3}, P  6934 [k=2 v=0] gets set {8}, P  7128 [k=2 v=0] gets set {14}, P  7227 [k=2 v=0] gets set {3}, P  7623 [k=2 v=0] gets set {8}, P  7656 [k=2 v=0] gets set {3}, P  7752 [k=2 v=0] gets set {16}, P  7964 [k=2 v=0] gets set {9}, P  7983 [k=2 v=0] gets set {18}, P  8163 [k=2 v=0] gets set {7}, P  8212 [k=2 v=0] gets set {16}, P  8326 [k=2 v=0] gets set {3}, P  8648 [k=2 v=0] gets set {22}, P  8766 [k=2 v=0] gets set {7}, P  8770 [k=2 v=0] gets set {3}, P  8800 [k=2 v=0] gets set {8}, P  8873 [k=2 v=0] gets set {18}, P  8946 [k=2 v=0] gets set {4}, P  9026 [k=2 v=0] gets set {3}, P  9088 [k=2 v=0] gets set {7}, P  9104 [k=2 v=0] gets set {1}, P  9124 [k=2 v=0] gets set {13}, P  9184 [k=2 v=0] gets set {8}, P  9251 [k=2 v=0] gets set {6}, P  9399 [k=2 v=0] gets set {3}, P  9450 [k=2 v=0] gets set {6}, P  9537 [k=2 v=0] gets set {27}, P  9555 [k=2 v=0] gets set {7}, P  9989 [k=2 v=0] gets set {11}]
Probabilities and corresponding integer solution:
lambda_2 = 0.031250 and welfare = 14290.734480 and x_l = [1, 0, 1, 1, 1, 1, 1, 1, 1, 1, 1, 1, 1, 1, 1, 1, 1, 1, 1, 1, 1, 1, 1, 1, 1, 1, 1, 1, 1, 1, 1, 1, 1, 1, 1, 1, 1, 1, 1, 1, 1, 1, 1, 1, 1, 1, 1, 1, 1, 1, 1, 1, 1, 1, 1, 1, 1, 1, 1, 1, 1, 1, 1, 1, 1, 1, 1, 1, 1, 1, 1, 1, 1, 1, 1, 1, 1, 1, 1, 1, 1, 1, 1, 1, 1, 1, 1, 1, 1, 1, 0]
lambda_12 = 0.343750 and welfare = 14490.396928 and x_l = [1, 1, 1, 1, 1, 1, 1, 1, 1, 1, 1, 1, 1, 1, 1, 1, 1, 1, 1, 1, 1, 1, 1, 1, 1, 1, 1, 1, 1, 1, 1, 1, 1, 1, 1, 1, 1, 1, 1, 1, 1, 1, 1, 1, 1, 1, 1, 1, 1, 1, 1, 1, 1, 1, 1, 1, 1, 1, 1, 1, 1, 1, 1, 1, 1, 1, 1, 1, 1, 1, 1, 1, 1, 1, 1, 1, 1, 1, 1, 1, 1, 1, 1, 0, 1, 1, 1, 1, 1, 1, 1]
lambda_29 = 0.031250 and welfare = 1503.111930 and x_l = [0, 0, 0, 0, 0, 0, 0, 0, 0, 0, 0, 0, 0, 0, 0, 0, 0, 0, 0, 0, 0, 0, 0, 0, 0, 0, 0, 0, 0, 0, 0, 0, 0, 0, 0, 0, 0, 0, 0, 0, 0, 0, 0, 0, 0, 0, 0, 0, 0, 0, 0, 0, 1, 0, 0, 0, 0, 0, 0, 0, 0, 0, 0, 0, 0, 0, 0, 0, 0, 0, 0, 0, 0, 0, 0, 0, 0, 0, 1, 0, 0, 0, 0, 0, 0, 0, 0, 0, 1, 1, 1]
lambda_31 = 0.031250 and welfare = 13117.797138 and x_l = [1, 0, 1, 1, 1, 1, 1, 1, 1, 1, 1, 1, 1, 1, 1, 1, 1, 1, 1, 1, 1, 1, 1, 1, 1, 1, 1, 1, 1, 1, 1, 1, 1, 1, 1, 1, 1, 1, 1, 1, 1, 1, 1, 1, 1, 1, 1, 1, 1, 1, 1, 1, 0, 1, 1, 1, 1, 1, 1, 1, 1, 1, 1, 1, 1, 1, 1, 1, 1, 1, 1, 1, 1, 1, 1, 1, 1, 1, 0, 1, 1, 1, 1, 1, 1, 1, 1, 1, 0, 0, 1]
lambda_51 = 0.375000 and welfare = 190.515976 and x_l = [0, 0, 0, 0, 0, 0, 0, 0, 0, 0, 0, 0, 0, 0, 0, 0, 0, 0, 0, 0, 0, 0, 0, 0, 0, 0, 0, 0, 0, 0, 0, 0, 0, 0, 0, 0, 0, 0, 0, 0, 0, 0, 0, 0, 0, 0, 0, 0, 0, 0, 0, 0, 0, 0, 0, 0, 0, 0, 0, 0, 0, 0, 0, 0, 0, 0, 0, 0, 0, 0, 0, 0, 0, 0, 0, 0, 0, 0, 0, 0, 0, 0, 0, 1, 0, 0, 0, 0, 0, 0, 0]
lambda_97 = 0.031250 and welfare = 14191.413709 and x_l = [1, 0, 1, 1, 1, 1, 1, 1, 1, 1, 1, 1, 1, 1, 1, 1, 1, 1, 1, 1, 1, 1, 1, 1, 1, 1, 1, 1, 1, 1, 1, 1, 1, 1, 1, 1, 1, 1, 1, 1, 1, 1, 1, 1, 1, 1, 1, 1, 1, 1, 1, 1, 1, 1, 1, 1, 1, 1, 1, 1, 1, 1, 1, 1, 1, 1, 1, 1, 1, 1, 1, 1, 1, 1, 1, 1, 1, 1, 1, 1, 1, 1, 1, 1, 1, 1, 1, 1, 1, 0, 0]
lambda_112 = 0.031250 and welfare = 664.597795 and x_l = [0, 0, 0, 0, 0, 0, 0, 0, 0, 0, 0, 0, 0, 0, 0, 0, 0, 0, 0, 0, 0, 0, 0, 0, 0, 0, 0, 0, 0, 0, 0, 0, 0, 0, 0, 0, 0, 0, 0, 0, 0, 0, 0, 0, 0, 0, 0, 0, 0, 0, 0, 0, 0, 0, 0, 0, 0, 0, 0, 0, 0, 0, 0, 0, 0, 0, 0, 0, 0, 0, 0, 0, 0, 0, 0, 0, 0, 0, 0, 0, 0, 0, 1, 0, 0, 0, 0, 0, 1, 1, 1]
lambda_117 = 0.031250 and welfare = 13335.886199 and x_l = [1, 1, 1, 1, 1, 1, 1, 1, 1, 1, 1, 1, 1, 1, 1, 1, 1, 1, 1, 1, 1, 1, 1, 1, 1, 1, 1, 1, 1, 1, 1, 1, 1, 1, 1, 1, 1, 1, 1, 1, 1, 1, 1, 1, 1, 1, 1, 1, 1, 1, 1, 1, 1, 1, 1, 1, 1, 1, 1, 1, 1, 1, 1, 1, 1, 1, 1, 1, 1, 1, 1, 1, 1, 1, 1, 1, 1, 1, 1, 1, 0, 0, 1, 0, 0, 0, 0, 0, 0, 0, 0]
lambda_121 = 0.031250 and welfare = 417.857961 and x_l = [0, 0, 0, 0, 0, 0, 0, 0, 0, 0, 0, 0, 0, 0, 0, 0, 0, 0, 0, 0, 0, 0, 0, 0, 0, 0, 0, 0, 0, 0, 0, 0, 0, 0, 0, 0, 0, 0, 0, 0, 0, 0, 0, 0, 0, 0, 0, 0, 0, 0, 0, 0, 0, 0, 0, 0, 0, 0, 0, 0, 0, 0, 0, 0, 0, 0, 0, 0, 0, 0, 0, 0, 0, 0, 0, 0, 0, 0, 0, 0, 1, 1, 0, 0, 1, 0, 1, 1, 0, 0, 0]
lambda_129 = 0.031250 and welfare = 1731.482720 and x_l = [0, 1, 0, 0, 0, 0, 0, 0, 0, 0, 0, 0, 0, 0, 0, 0, 0, 0, 0, 0, 0, 0, 0, 0, 0, 0, 0, 0, 0, 0, 0, 0, 0, 0, 0, 0, 0, 0, 0, 0, 0, 0, 0, 0, 0, 0, 0, 0, 0, 0, 0, 0, 0, 0, 0, 0, 0, 0, 0, 0, 0, 0, 0, 0, 0, 0, 0, 0, 0, 0, 0, 0, 0, 0, 1, 0, 0, 1, 1, 1, 0, 0, 0, 0, 0, 1, 0, 0, 1, 1, 1]
lambda_132 = 0.031250 and welfare = 13285.893224 and x_l = [1, 0, 1, 1, 1, 1, 1, 1, 1, 1, 1, 1, 1, 1, 1, 1, 1, 1, 1, 1, 1, 1, 1, 1, 1, 1, 1, 1, 1, 1, 1, 1, 1, 1, 1, 1, 1, 1, 1, 1, 1, 1, 1, 1, 1, 1, 1, 1, 1, 1, 1, 1, 1, 1, 1, 1, 1, 1, 1, 1, 1, 1, 1, 1, 1, 1, 1, 1, 1, 1, 1, 1, 1, 1, 0, 1, 1, 0, 0, 0, 1, 1, 0, 1, 1, 1, 1, 1, 0, 1, 1]
lambda_else = 0
Using 11 out of 153 integer solutions.
Expected social welfare: 7319.354159
Objective value of primal LP: 1.000000


