Analysis results no. 14

Ellipsoid method stopped in iteration 1000 because reached N.
Ellipsoid parameters: cut=deep; eps=0.000000; N=1000; R=9.591663.
Ellipsoid performance: runtime=780.397352 sec.; constraint-cuts=650.

First iteration in which primal was feasible: 9.
In total 63 integer solutions where found, whereas 7 where used by primal.

Solution quality:
Expected social welfare=7319.354159
Absolute deviation=6865.690404
Variance=47210233.581303
Standard deviation=6870.970352
Coefficient of variation=0.938740

Distribution of constraint cuts:
cons_cuts=[2, 4, 6, 9, 12, 15, 17, 19, 22, 25, 27, 29, 32, 35, 37, 39, 42, 45, 47, 49, 52, 55, 57, 59, 62, 64, 66, 69, 71, 73, 76, 78, 80, 83, 85, 87, 90, 92, 94, 97, 99, 101, 104, 106, 108, 111, 113, 115, 117, 119, 122, 124, 125, 128, 130, 132, 134, 136, 138, 140, 142, 144, 146, 148, 150, 152, 154, 156, 158, 160, 162, 164, 166, 168, 170, 172, 174, 176, 178, 180, 182, 184, 186, 188, 190, 192, 194, 196, 198, 200, 202, 204, 206, 208, 210, 212, 214, 216, 217, 220, 222, 223, 225, 227, 229, 230, 232, 234, 236, 237, 240, 241, 243, 245, 247, 249, 251, 252, 254, 256, 258, 260, 262, 263, 265, 267, 269, 271, 273, 274, 276, 278, 280, 282, 284, 285, 287, 289, 291, 293, 295, 296, 298, 300, 302, 303, 305, 306, 308, 309, 311, 313, 314, 316, 318, 319, 321, 322, 324, 326, 327, 329, 331, 332, 334, 336, 337, 339, 341, 342, 344, 346, 347, 349, 351, 352, 354, 355, 357, 358, 360, 362, 363, 365, 366, 368, 369, 371, 372, 373, 375, 376, 377, 379, 380, 382, 383, 384, 386, 387, 389, 390, 391, 393, 394, 395, 397, 398, 399, 401, 402, 404, 405, 406, 408, 409, 411, 412, 413, 415, 416, 418, 419, 420, 422, 423, 424, 426, 427, 428, 430, 431, 432, 434, 435, 436, 438, 439, 441, 442, 443, 445, 446, 448, 449, 450, 452, 453, 455, 456, 457, 459, 460, 462, 463, 464, 466, 467, 469, 470, 471, 473, 474, 476, 477, 478, 480, 481, 483, 484, 485, 487, 488, 490, 491, 493, 494, 495, 497, 498, 500, 501, 502, 504, 505, 507, 508, 509, 511, 512, 514, 515, 516, 518, 519, 521, 522, 523, 525, 526, 528, 529, 530, 532, 533, 535, 536, 537, 539, 540, 542, 543, 544, 546, 547, 549, 550, 552, 553, 554, 556, 557, 559, 560, 561, 563, 564, 566, 567, 568, 570, 571, 572, 574, 575, 577, 578, 579, 581, 582, 584, 585, 586, 588, 589, 591, 592, 593, 595, 596, 598, 599, 600, 602, 603, 605, 606, 607, 609, 610, 611, 613, 614, 615, 617, 618, 620, 621, 622, 624, 625, 626, 628, 629, 631, 632, 633, 635, 636, 638, 639, 640, 642, 643, 645, 646, 647, 649, 650, 651, 653, 654, 656, 657, 658, 660, 661, 663, 664, 665, 667, 668, 669, 671, 672, 674, 675, 676, 678, 679, 680, 682, 683, 684, 686, 687, 689, 690, 691, 693, 694, 695, 697, 698, 699, 701, 702, 703, 705, 706, 707, 709, 710, 711, 713, 714, 715, 717, 718, 719, 721, 722, 723, 725, 726, 727, 729, 730, 732, 733, 734, 736, 737, 738, 740, 741, 742, 744, 745, 747, 748, 749, 751, 752, 753, 755, 756, 757, 759, 760, 761, 763, 764, 765, 767, 768, 769, 771, 772, 773, 775, 776, 777, 779, 780, 781, 783, 784, 785, 787, 788, 789, 791, 792, 793, 795, 796, 797, 799, 800, 801, 803, 804, 805, 807, 808, 810, 811, 812, 814, 815, 816, 818, 819, 820, 822, 823, 824, 825, 827, 828, 829, 831, 832, 834, 835, 836, 838, 839, 840, 842, 843, 844, 846, 847, 848, 850, 851, 852, 854, 855, 856, 858, 859, 861, 862, 863, 865, 866, 867, 869, 870, 871, 873, 874, 875, 877, 878, 879, 881, 882, 883, 884, 886, 887, 888, 890, 891, 892, 894, 895, 896, 898, 899, 900, 901, 903, 904, 905, 907, 908, 909, 911, 912, 913, 915, 916, 917, 919, 920, 921, 923, 924, 925, 927, 928, 929, 930, 932, 933, 934, 936, 937, 938, 940, 941, 942, 944, 945, 946, 948, 949, 950, 952, 953, 954, 956, 957, 958, 960, 961, 962, 964, 965, 966, 968, 969, 970, 972, 973, 974, 976, 977, 978, 980, 981, 982, 984, 985, 986, 987, 989, 990, 991, 993, 994, 995, 997, 998, 999];
Distribution of found integer solutions:
int_sols=[2, 4, 9, 17, 25, 27, 78, 97, 99, 101, 106, 108, 136, 138, 142, 146, 150, 152, 222, 225, 300, 302, 303, 308, 369, 371, 372, 373, 375, 389, 390, 391, 398, 418, 419, 420, 422, 426, 427, 430, 434, 452, 453, 455, 456, 457, 464, 467, 485, 501, 525, 526, 529, 530, 537, 539, 540, 557, 603, 605, 606, 669, 820];
Distribution of found duplicates:
int_dupl=[6, 12, 15, 29, 35, 55, 59, 87, 119, 354, 533, 581, 584, 903, 919, 921, 57, 117, 352, 355, 532, 579, 582, 585, 760, 901, 907, 917, 920, 19, 22, 39, 49, 52, 62, 66, 69, 73, 94, 104, 128, 132, 351, 357, 483, 505, 578, 586, 764, 908, 911, 913, 916, 37, 47, 64, 71, 92, 130, 484, 507, 765, 909, 912, 915, 32, 42, 45, 76, 80, 83, 90, 111, 234, 237, 360, 363, 366, 602, 613, 632, 635, 638, 684, 933, 936, 938, 85, 134, 232, 368, 611, 631, 683, 932, 236, 358, 362, 365, 633, 636, 639, 934, 937, 940, 607, 629, 733, 216, 512, 515, 768, 771, 776, 808, 851, 856, 140, 217, 511, 514, 516, 769, 772, 852, 858, 113, 124, 560, 779, 781, 811, 814, 816, 990, 115, 122, 125, 214, 559, 767, 777, 780, 810, 812, 815, 850, 989, 227, 230, 714, 749, 795, 797, 800, 944, 946, 949, 144, 148, 164, 168, 172, 188, 192, 196, 200, 251, 254, 258, 262, 265, 276, 280, 284, 287, 649, 651, 657, 883, 980, 982, 220, 223, 701, 703, 787, 792, 870, 873, 941, 166, 170, 190, 194, 198, 252, 256, 260, 263, 278, 282, 285, 650, 653, 981, 154, 158, 162, 174, 178, 182, 186, 202, 206, 210, 241, 245, 249, 267, 271, 274, 289, 293, 296, 647, 658, 882, 984, 156, 160, 176, 180, 184, 204, 208, 212, 240, 243, 247, 269, 273, 291, 295, 298, 985, 702, 788, 871, 874, 229, 699, 713, 748, 793, 796, 799, 869, 942, 945, 948, 306, 309, 313, 316, 319, 329, 332, 336, 339, 741, 832, 835, 305, 321, 324, 327, 341, 344, 347, 694, 742, 828, 831, 322, 326, 342, 346, 349, 693, 695, 744, 827, 829, 311, 314, 318, 331, 334, 337, 689, 834, 836, 624, 626, 660, 663, 987, 382, 384, 387, 643, 646, 878, 881, 894, 896, 380, 383, 386, 416, 642, 645, 877, 879, 892, 895, 376, 379, 599, 640, 875, 886, 888, 891, 377, 598, 600, 884, 887, 890, 397, 399, 402, 411, 413, 488, 491, 544, 595, 393, 395, 404, 406, 409, 459, 493, 495, 498, 546, 549, 552, 596, 394, 405, 408, 460, 494, 497, 500, 547, 550, 553, 401, 412, 415, 487, 490, 431, 445, 448, 450, 667, 672, 960, 962, 432, 446, 449, 665, 671, 674, 725, 923, 958, 961, 966, 974, 423, 476, 478, 609, 664, 675, 678, 680, 726, 729, 924, 927, 929, 957, 968, 970, 973, 424, 474, 477, 480, 610, 676, 679, 682, 727, 730, 925, 928, 930, 969, 972, 428, 436, 439, 442, 481, 563, 566, 568, 784, 789, 438, 441, 564, 567, 785, 791, 435, 443, 502, 561, 570, 572, 575, 783, 964, 504, 571, 574, 577, 965, 466, 469, 471, 615, 618, 621, 654, 993, 995, 998, 705, 707, 775, 804, 807, 855, 518, 687, 706, 709, 773, 803, 805, 854, 859, 462, 519, 522, 697, 710, 801, 861, 863, 866, 463, 521, 523, 698, 711, 862, 865, 867, 473, 622, 625, 661, 986, 991, 999, 470, 614, 617, 620, 656, 686, 994, 997, 508, 556, 761, 818, 825, 842, 844, 847, 509, 554, 819, 822, 824, 838, 840, 528, 715, 745, 751, 747, 535, 717, 719, 722, 752, 755, 757, 536, 718, 721, 723, 753, 756, 759, 668, 899, 904, 950, 977, 542, 589, 592, 898, 952, 954, 543, 588, 591, 593, 953, 956, 763, 843, 846, 848, 737, 740, 690, 736, 738, 628, 691, 732, 734, 900, 905, 976, 978, 823, 839];

Decomposition solution:
Meaning of solution vector: [P   267 [k=2 v=0] gets set {7}, P   345 [k=2 v=0] gets set {16}, P   352 [k=2 v=0] gets set {13}, P   405 [k=2 v=0] gets set {5}, P   757 [k=2 v=0] gets set {4}, P  1077 [k=2 v=0] gets set {21}, P  1302 [k=2 v=0] gets set {24}, P  1684 [k=2 v=0] gets set {17}, P  1716 [k=2 v=0] gets set {39}, P  1907 [k=2 v=0] gets set {1}, P  1992 [k=2 v=0] gets set {4}, P  2172 [k=2 v=0] gets set {12}, P  2176 [k=2 v=0] gets set {16}, P  2300 [k=2 v=0] gets set {23}, P  2340 [k=2 v=0] gets set {14}, P  2550 [k=2 v=0] gets set {29}, P  2552 [k=2 v=0] gets set {6}, P  2789 [k=2 v=0] gets set {13}, P  2831 [k=2 v=0] gets set {7}, P  2878 [k=2 v=0] gets set {5}, P  2903 [k=2 v=0] gets set {2}, P  2923 [k=2 v=0] gets set {12}, P  3055 [k=2 v=0] gets set {4}, P  3072 [k=2 v=0] gets set {2}, P  3166 [k=2 v=0] gets set {2}, P  3252 [k=2 v=0] gets set {4}, P  3319 [k=2 v=0] gets set {2}, P  3354 [k=2 v=0] gets set {10}, P  3440 [k=2 v=0] gets set {30}, P  3558 [k=2 v=0] gets set {1}, P  3662 [k=2 v=0] gets set {18}, P  3704 [k=2 v=0] gets set {12}, P  4249 [k=2 v=0] gets set {4}, P  4302 [k=2 v=0] gets set {16}, P  4399 [k=2 v=0] gets set {31}, P  4548 [k=2 v=0] gets set {32}, P  4587 [k=2 v=0] gets set {12}, P  4697 [k=2 v=0] gets set {12}, P  4706 [k=2 v=0] gets set {7}, P  4856 [k=2 v=0] gets set {11}, P  4877 [k=2 v=0] gets set {9}, P  4919 [k=2 v=0] gets set {16}, P  4934 [k=2 v=0] gets set {3}, P  4963 [k=2 v=0] gets set {8}, P  4987 [k=2 v=0] gets set {10}, P  5022 [k=2 v=0] gets set {14}, P  5064 [k=2 v=0] gets set {3}, P  5125 [k=2 v=0] gets set {15}, P  5136 [k=2 v=0] gets set {2}, P  5154 [k=2 v=0] gets set {19}, P  5200 [k=2 v=0] gets set {2}, P  5260 [k=2 v=0] gets set {20}, P  5627 [k=2 v=0] gets set {42}, P  5806 [k=2 v=0] gets set {4}, P  5883 [k=2 v=0] gets set {13}, P  6131 [k=2 v=0] gets set {11}, P  6191 [k=2 v=0] gets set {3}, P  6424 [k=2 v=0] gets set {12}, P  6426 [k=2 v=0] gets set {8}, P  6609 [k=2 v=0] gets set {2}, P  6715 [k=2 v=0] gets set {15}, P  6722 [k=2 v=0] gets set {10}, P  6844 [k=2 v=0] gets set {3}, P  6934 [k=2 v=0] gets set {8}, P  7128 [k=2 v=0] gets set {14}, P  7227 [k=2 v=0] gets set {3}, P  7623 [k=2 v=0] gets set {8}, P  7656 [k=2 v=0] gets set {3}, P  7752 [k=2 v=0] gets set {16}, P  7964 [k=2 v=0] gets set {9}, P  7983 [k=2 v=0] gets set {18}, P  8163 [k=2 v=0] gets set {7}, P  8212 [k=2 v=0] gets set {16}, P  8326 [k=2 v=0] gets set {3}, P  8648 [k=2 v=0] gets set {22}, P  8766 [k=2 v=0] gets set {7}, P  8770 [k=2 v=0] gets set {3}, P  8800 [k=2 v=0] gets set {8}, P  8873 [k=2 v=0] gets set {18}, P  8946 [k=2 v=0] gets set {4}, P  9026 [k=2 v=0] gets set {3}, P  9088 [k=2 v=0] gets set {7}, P  9104 [k=2 v=0] gets set {1}, P  9124 [k=2 v=0] gets set {13}, P  9184 [k=2 v=0] gets set {8}, P  9251 [k=2 v=0] gets set {6}, P  9399 [k=2 v=0] gets set {3}, P  9450 [k=2 v=0] gets set {6}, P  9537 [k=2 v=0] gets set {27}, P  9555 [k=2 v=0] gets set {7}, P  9989 [k=2 v=0] gets set {11}]
Probabilities and corresponding integer solution:
lambda_2 = 0.148438 and welfare = 14290.734480 and x_l = [1, 0, 1, 1, 1, 1, 1, 1, 1, 1, 1, 1, 1, 1, 1, 1, 1, 1, 1, 1, 1, 1, 1, 1, 1, 1, 1, 1, 1, 1, 1, 1, 1, 1, 1, 1, 1, 1, 1, 1, 1, 1, 1, 1, 1, 1, 1, 1, 1, 1, 1, 1, 1, 1, 1, 1, 1, 1, 1, 1, 1, 1, 1, 1, 1, 1, 1, 1, 1, 1, 1, 1, 1, 1, 1, 1, 1, 1, 1, 1, 1, 1, 1, 1, 1, 1, 1, 1, 1, 1, 0]
lambda_5 = 0.093750 and welfare = 0.000000 and x_l = [0, 0, 0, 0, 0, 0, 0, 0, 0, 0, 0, 0, 0, 0, 0, 0, 0, 0, 0, 0, 0, 0, 0, 0, 0, 0, 0, 0, 0, 0, 0, 0, 0, 0, 0, 0, 0, 0, 0, 0, 0, 0, 0, 0, 0, 0, 0, 0, 0, 0, 0, 0, 0, 0, 0, 0, 0, 0, 0, 0, 0, 0, 0, 0, 0, 0, 0, 0, 0, 0, 0, 0, 0, 0, 0, 0, 0, 0, 0, 0, 0, 0, 0, 0, 0, 0, 0, 0, 0, 0, 0]
lambda_18 = 0.054688 and welfare = 324.411901 and x_l = [0, 1, 0, 0, 0, 0, 0, 0, 0, 0, 0, 0, 0, 0, 0, 0, 0, 0, 0, 0, 0, 0, 0, 0, 0, 0, 0, 0, 0, 0, 0, 0, 0, 0, 0, 0, 0, 0, 0, 0, 0, 0, 0, 0, 0, 0, 0, 0, 0, 0, 0, 0, 0, 0, 0, 0, 0, 0, 0, 0, 0, 0, 0, 0, 0, 0, 0, 0, 0, 0, 0, 0, 0, 0, 0, 0, 0, 0, 0, 0, 0, 0, 0, 0, 0, 0, 0, 0, 0, 1, 0]
lambda_25 = 0.148438 and welfare = 969.224216 and x_l = [0, 1, 0, 0, 0, 0, 0, 0, 0, 0, 0, 0, 0, 0, 0, 0, 0, 0, 0, 0, 0, 0, 0, 0, 0, 0, 0, 0, 0, 0, 0, 0, 0, 0, 0, 0, 0, 0, 0, 0, 0, 0, 0, 0, 0, 0, 0, 0, 0, 0, 0, 0, 0, 0, 0, 0, 0, 0, 0, 0, 0, 0, 0, 0, 0, 0, 0, 0, 0, 0, 0, 0, 0, 0, 0, 0, 0, 0, 0, 0, 0, 0, 0, 0, 0, 0, 0, 1, 1, 1, 1]
lambda_34 = 0.148438 and welfare = 13976.096754 and x_l = [1, 0, 1, 1, 1, 1, 1, 1, 1, 1, 1, 1, 1, 1, 1, 1, 1, 1, 1, 1, 1, 1, 1, 1, 1, 1, 1, 1, 1, 1, 1, 1, 1, 1, 1, 1, 1, 1, 1, 1, 1, 1, 1, 1, 1, 1, 1, 1, 1, 1, 1, 1, 1, 1, 1, 1, 1, 1, 1, 1, 1, 1, 1, 1, 1, 1, 1, 1, 1, 1, 1, 1, 1, 1, 1, 1, 1, 1, 1, 1, 1, 1, 1, 1, 1, 1, 1, 0, 0, 1, 1]
lambda_43 = 0.203125 and welfare = 14260.502252 and x_l = [1, 0, 1, 1, 1, 1, 1, 1, 1, 1, 1, 1, 1, 1, 1, 1, 1, 1, 1, 1, 1, 1, 1, 1, 1, 1, 1, 1, 1, 1, 1, 1, 1, 1, 1, 1, 1, 1, 1, 1, 1, 1, 1, 1, 1, 1, 1, 1, 1, 1, 1, 1, 1, 1, 1, 1, 1, 1, 1, 1, 1, 1, 1, 1, 1, 1, 1, 1, 1, 1, 1, 1, 1, 1, 1, 1, 1, 1, 1, 1, 1, 1, 1, 1, 1, 1, 1, 0, 1, 0, 1]
lambda_47 = 0.203125 and welfare = 321.089882 and x_l = [0, 1, 0, 0, 0, 0, 0, 0, 0, 0, 0, 0, 0, 0, 0, 0, 0, 0, 0, 0, 0, 0, 0, 0, 0, 0, 0, 0, 0, 0, 0, 0, 0, 0, 0, 0, 0, 0, 0, 0, 0, 0, 0, 0, 0, 0, 0, 0, 0, 0, 0, 0, 0, 0, 0, 0, 0, 0, 0, 0, 0, 0, 0, 0, 0, 0, 0, 0, 0, 0, 0, 0, 0, 0, 0, 0, 0, 0, 0, 0, 0, 0, 0, 0, 0, 0, 0, 1, 0, 0, 0]
lambda_else = 0
Using 7 out of 63 integer solutions.
Expected social welfare: 7319.354159
Objective value of primal LP: 1.000000


