Analysis results no. 28

Ellipsoid method stopped in iteration 1000 because reached N.
Ellipsoid parameters: cut=central; eps=0.000000; N=1000; R=9.591663.
Ellipsoid performance: runtime=363.533044 sec.; constraint-cuts=762.

First iteration in which primal was feasible: 11.
In total 159 integer solutions where found, whereas 3 where used by primal.

Solution quality:
Expected social welfare=7319.354159
Absolute deviation=6260.650686
Variance=39199606.343307
Standard deviation=6260.958900
Coefficient of variation=0.855398

Distribution of constraint cuts:
cons_cuts=[2, 3, 5, 7, 9, 11, 13, 15, 17, 19, 21, 22, 24, 26, 28, 30, 32, 34, 36, 37, 39, 41, 43, 45, 47, 49, 50, 52, 54, 56, 58, 60, 61, 63, 65, 67, 69, 71, 72, 74, 76, 78, 79, 81, 83, 85, 86, 88, 90, 91, 93, 95, 97, 98, 100, 102, 103, 105, 107, 108, 110, 111, 113, 115, 116, 118, 119, 121, 123, 124, 126, 127, 129, 131, 132, 134, 136, 137, 139, 141, 142, 144, 146, 147, 149, 151, 152, 154, 155, 157, 159, 160, 162, 163, 165, 166, 168, 169, 171, 172, 174, 175, 177, 178, 180, 182, 183, 185, 187, 188, 190, 191, 193, 194, 196, 197, 199, 200, 202, 203, 205, 206, 208, 210, 211, 213, 215, 216, 218, 219, 221, 222, 224, 225, 227, 228, 230, 231, 233, 234, 236, 238, 239, 241, 242, 244, 245, 247, 248, 249, 251, 252, 254, 255, 257, 258, 259, 261, 262, 264, 265, 266, 268, 269, 271, 272, 274, 275, 276, 278, 279, 281, 282, 284, 285, 287, 288, 289, 291, 292, 294, 295, 297, 298, 300, 301, 302, 304, 305, 307, 308, 310, 311, 312, 314, 315, 317, 318, 320, 321, 322, 324, 325, 326, 328, 329, 331, 332, 333, 335, 336, 337, 339, 340, 342, 343, 344, 346, 347, 349, 350, 351, 353, 354, 355, 357, 358, 359, 361, 362, 363, 365, 366, 367, 369, 370, 371, 373, 374, 376, 377, 378, 380, 381, 383, 384, 385, 387, 388, 389, 391, 392, 393, 395, 396, 397, 399, 400, 401, 403, 404, 406, 407, 408, 409, 411, 412, 414, 415, 416, 418, 419, 420, 422, 423, 424, 426, 427, 428, 430, 431, 432, 434, 435, 436, 438, 439, 440, 441, 443, 444, 445, 446, 448, 449, 450, 451, 453, 454, 455, 456, 458, 459, 460, 461, 462, 464, 465, 466, 467, 469, 470, 471, 472, 474, 475, 476, 478, 479, 480, 482, 483, 484, 485, 487, 488, 489, 490, 491, 492, 494, 495, 496, 497, 498, 500, 501, 502, 503, 504, 505, 507, 508, 509, 510, 511, 513, 514, 515, 516, 517, 519, 520, 521, 522, 523, 525, 526, 527, 528, 530, 531, 532, 533, 534, 536, 537, 538, 539, 540, 542, 543, 544, 545, 546, 548, 549, 550, 551, 553, 554, 555, 556, 558, 559, 560, 561, 563, 564, 565, 566, 568, 569, 570, 571, 573, 574, 575, 576, 578, 579, 580, 582, 583, 584, 585, 587, 588, 589, 590, 592, 593, 594, 595, 597, 598, 599, 600, 601, 603, 604, 605, 606, 607, 609, 610, 611, 612, 613, 615, 616, 617, 619, 620, 621, 622, 623, 625, 626, 627, 628, 629, 631, 632, 633, 634, 635, 637, 638, 639, 640, 641, 643, 644, 645, 646, 648, 649, 650, 651, 653, 654, 655, 656, 657, 658, 660, 661, 662, 663, 664, 665, 667, 668, 669, 670, 671, 672, 674, 675, 676, 677, 678, 680, 681, 682, 683, 684, 685, 687, 688, 689, 690, 691, 692, 694, 695, 696, 697, 698, 700, 701, 702, 703, 704, 706, 707, 708, 709, 710, 711, 712, 713, 715, 716, 717, 718, 719, 720, 721, 722, 724, 725, 726, 727, 728, 729, 730, 732, 733, 734, 735, 736, 737, 738, 739, 741, 742, 743, 744, 745, 746, 748, 749, 750, 751, 752, 753, 754, 756, 757, 758, 759, 760, 761, 762, 764, 765, 766, 767, 768, 769, 771, 772, 773, 774, 775, 776, 777, 779, 780, 781, 782, 783, 784, 786, 787, 788, 789, 790, 791, 792, 794, 795, 796, 797, 798, 799, 801, 802, 803, 804, 805, 806, 808, 809, 810, 811, 812, 813, 814, 816, 817, 818, 819, 820, 821, 823, 824, 825, 826, 827, 828, 829, 831, 832, 833, 834, 835, 836, 838, 839, 840, 841, 842, 843, 845, 846, 847, 848, 849, 850, 851, 853, 854, 855, 856, 857, 858, 860, 861, 862, 863, 864, 865, 866, 868, 869, 870, 871, 872, 873, 874, 876, 877, 878, 879, 880, 881, 882, 884, 885, 886, 887, 888, 889, 891, 892, 893, 894, 895, 896, 897, 899, 900, 901, 902, 903, 904, 905, 906, 908, 909, 910, 911, 912, 913, 914, 916, 917, 918, 919, 920, 921, 923, 924, 925, 926, 927, 928, 929, 930, 932, 933, 934, 935, 936, 937, 938, 940, 941, 942, 943, 944, 945, 946, 948, 949, 950, 951, 952, 953, 955, 956, 957, 958, 959, 960, 962, 963, 964, 965, 966, 967, 968, 970, 971, 972, 973, 974, 975, 977, 978, 979, 980, 981, 982, 983, 985, 986, 987, 988, 989, 990, 992, 993, 994, 995, 996, 997, 998, 1000];
Distribution of found integer solutions:
int_sols=[2, 3, 11, 19, 21, 22, 24, 28, 71, 72, 74, 79, 91, 100, 103, 107, 108, 111, 113, 116, 121, 123, 126, 151, 152, 155, 185, 187, 264, 272, 340, 434, 435, 439, 440, 441, 448, 449, 450, 451, 454, 458, 461, 462, 485, 487, 490, 492, 500, 501, 503, 507, 508, 519, 522, 526, 534, 536, 542, 543, 544, 548, 549, 550, 551, 553, 587, 588, 598, 599, 605, 606, 610, 611, 621, 626, 632, 633, 653, 654, 655, 661, 662, 665, 667, 670, 671, 676, 681, 684, 685, 691, 692, 702, 703, 706, 707, 708, 709, 710, 713, 716, 717, 725, 726, 727, 728, 748, 749, 764, 765, 766, 768, 769, 787, 788, 789, 790, 791, 792, 794, 795, 810, 811, 821, 823, 856, 857, 860, 861, 862, 866, 868, 891, 893, 894, 900, 901, 917, 923, 924, 929, 930, 935, 936, 937, 943, 944, 966, 967, 971, 972, 978, 992, 993, 994, 995, 996, 997];
Distribution of found duplicates:
int_dupl=[5, 7, 9, 13, 15, 17, 32, 36, 39, 41, 43, 47, 49, 52, 54, 58, 60, 63, 65, 69, 95, 224, 227, 284, 287, 297, 308, 311, 589, 609, 619, 648, 37, 50, 61, 225, 285, 288, 298, 307, 310, 593, 607, 617, 646, 56, 81, 83, 85, 88, 90, 289, 292, 295, 300, 302, 305, 594, 597, 613, 616, 643, 645, 124, 314, 387, 389, 392, 418, 420, 30, 34, 45, 67, 78, 93, 180, 202, 208, 218, 236, 342, 381, 384, 426, 428, 525, 694, 700, 166, 182, 205, 210, 317, 328, 331, 333, 408, 555, 558, 568, 570, 573, 26, 175, 183, 188, 206, 211, 252, 315, 318, 326, 329, 332, 335, 407, 554, 556, 559, 566, 569, 571, 574, 115, 118, 139, 149, 339, 395, 397, 403, 412, 415, 423, 431, 97, 110, 190, 196, 213, 216, 98, 228, 344, 400, 464, 469, 471, 479, 482, 590, 622, 76, 102, 230, 399, 465, 470, 480, 483, 592, 86, 291, 294, 301, 304, 595, 612, 615, 641, 644, 200, 222, 385, 432, 484, 701, 105, 119, 134, 144, 346, 404, 455, 472, 475, 478, 623, 445, 474, 476, 154, 157, 159, 162, 165, 221, 231, 234, 239, 242, 244, 247, 438, 163, 169, 194, 215, 172, 312, 388, 391, 393, 416, 419, 422, 444, 171, 174, 274, 276, 347, 358, 361, 363, 377, 380, 343, 383, 424, 427, 540, 695, 698, 262, 265, 521, 583, 127, 129, 132, 137, 142, 147, 168, 178, 193, 251, 255, 258, 409, 446, 584, 131, 136, 141, 146, 177, 191, 254, 257, 406, 411, 269, 281, 351, 354, 367, 370, 373, 268, 271, 279, 282, 350, 353, 355, 366, 369, 371, 374, 160, 219, 233, 238, 241, 245, 248, 858, 199, 203, 261, 321, 324, 337, 436, 561, 564, 576, 579, 582, 197, 249, 259, 320, 322, 325, 336, 560, 563, 565, 575, 578, 580, 266, 520, 275, 278, 349, 357, 359, 362, 365, 376, 378, 396, 401, 414, 430, 585, 443, 675, 677, 453, 539, 680, 538, 488, 456, 459, 824, 826, 847, 849, 460, 825, 827, 848, 850, 466, 828, 831, 851, 854, 467, 829, 832, 853, 855, 537, 546, 489, 491, 494, 496, 498, 505, 510, 513, 668, 682, 689, 502, 504, 516, 669, 683, 688, 495, 497, 509, 511, 523, 690, 514, 802, 804, 515, 801, 803, 517, 687, 806, 809, 805, 808, 527, 530, 532, 637, 533, 528, 531, 638, 545, 625, 980, 982, 620, 651, 696, 600, 603, 627, 629, 601, 604, 628, 631, 892, 965, 634, 964, 635, 640, 981, 983, 639, 649, 985, 987, 650, 986, 988, 697, 656, 658, 657, 660, 663, 664, 979, 672, 674, 678, 704, 796, 797, 715, 719, 730, 774, 786, 771, 782, 781, 711, 722, 761, 777, 712, 721, 724, 735, 746, 762, 779, 718, 720, 729, 734, 745, 773, 784, 732, 754, 757, 759, 733, 756, 758, 736, 738, 737, 739, 776, 741, 743, 775, 742, 744, 750, 752, 751, 753, 760, 780, 767, 772, 783, 798, 799, 812, 814, 835, 838, 813, 816, 836, 839, 817, 819, 840, 842, 818, 820, 841, 843, 833, 834, 845, 846, 916, 934, 948, 962, 863, 865, 872, 874, 877, 879, 886, 888, 864, 873, 876, 878, 887, 889, 869, 871, 880, 882, 885, 870, 881, 884, 895, 897, 909, 911, 896, 899, 908, 910, 912, 921, 902, 904, 906, 913, 918, 920, 989, 903, 905, 914, 919, 990, 949, 963, 925, 927, 926, 928, 932, 933, 938, 941, 952, 955, 940, 942, 951, 953, 956, 945, 950, 957, 959, 975, 946, 958, 960, 977, 968, 970, 973, 974, 998, 1000];

Decomposition solution:
Meaning of solution vector: [P   267 [k=2 v=0] gets set {7}, P   345 [k=2 v=0] gets set {16}, P   352 [k=2 v=0] gets set {13}, P   405 [k=2 v=0] gets set {5}, P   757 [k=2 v=0] gets set {4}, P  1077 [k=2 v=0] gets set {21}, P  1302 [k=2 v=0] gets set {24}, P  1684 [k=2 v=0] gets set {17}, P  1716 [k=2 v=0] gets set {39}, P  1907 [k=2 v=0] gets set {1}, P  1992 [k=2 v=0] gets set {4}, P  2172 [k=2 v=0] gets set {12}, P  2176 [k=2 v=0] gets set {16}, P  2300 [k=2 v=0] gets set {23}, P  2340 [k=2 v=0] gets set {14}, P  2550 [k=2 v=0] gets set {29}, P  2552 [k=2 v=0] gets set {6}, P  2789 [k=2 v=0] gets set {13}, P  2831 [k=2 v=0] gets set {7}, P  2878 [k=2 v=0] gets set {5}, P  2903 [k=2 v=0] gets set {2}, P  2923 [k=2 v=0] gets set {12}, P  3055 [k=2 v=0] gets set {4}, P  3072 [k=2 v=0] gets set {2}, P  3166 [k=2 v=0] gets set {2}, P  3252 [k=2 v=0] gets set {4}, P  3319 [k=2 v=0] gets set {2}, P  3354 [k=2 v=0] gets set {10}, P  3440 [k=2 v=0] gets set {30}, P  3558 [k=2 v=0] gets set {1}, P  3662 [k=2 v=0] gets set {18}, P  3704 [k=2 v=0] gets set {12}, P  4249 [k=2 v=0] gets set {4}, P  4302 [k=2 v=0] gets set {16}, P  4399 [k=2 v=0] gets set {31}, P  4548 [k=2 v=0] gets set {32}, P  4587 [k=2 v=0] gets set {12}, P  4697 [k=2 v=0] gets set {12}, P  4706 [k=2 v=0] gets set {7}, P  4856 [k=2 v=0] gets set {11}, P  4877 [k=2 v=0] gets set {9}, P  4919 [k=2 v=0] gets set {16}, P  4934 [k=2 v=0] gets set {3}, P  4963 [k=2 v=0] gets set {8}, P  4987 [k=2 v=0] gets set {10}, P  5022 [k=2 v=0] gets set {14}, P  5064 [k=2 v=0] gets set {3}, P  5125 [k=2 v=0] gets set {15}, P  5136 [k=2 v=0] gets set {2}, P  5154 [k=2 v=0] gets set {19}, P  5200 [k=2 v=0] gets set {2}, P  5260 [k=2 v=0] gets set {20}, P  5627 [k=2 v=0] gets set {42}, P  5806 [k=2 v=0] gets set {4}, P  5883 [k=2 v=0] gets set {13}, P  6131 [k=2 v=0] gets set {11}, P  6191 [k=2 v=0] gets set {3}, P  6424 [k=2 v=0] gets set {12}, P  6426 [k=2 v=0] gets set {8}, P  6609 [k=2 v=0] gets set {2}, P  6715 [k=2 v=0] gets set {15}, P  6722 [k=2 v=0] gets set {10}, P  6844 [k=2 v=0] gets set {3}, P  6934 [k=2 v=0] gets set {8}, P  7128 [k=2 v=0] gets set {14}, P  7227 [k=2 v=0] gets set {3}, P  7623 [k=2 v=0] gets set {8}, P  7656 [k=2 v=0] gets set {3}, P  7752 [k=2 v=0] gets set {16}, P  7964 [k=2 v=0] gets set {9}, P  7983 [k=2 v=0] gets set {18}, P  8163 [k=2 v=0] gets set {7}, P  8212 [k=2 v=0] gets set {16}, P  8326 [k=2 v=0] gets set {3}, P  8648 [k=2 v=0] gets set {22}, P  8766 [k=2 v=0] gets set {7}, P  8770 [k=2 v=0] gets set {3}, P  8800 [k=2 v=0] gets set {8}, P  8873 [k=2 v=0] gets set {18}, P  8946 [k=2 v=0] gets set {4}, P  9026 [k=2 v=0] gets set {3}, P  9088 [k=2 v=0] gets set {7}, P  9104 [k=2 v=0] gets set {1}, P  9124 [k=2 v=0] gets set {13}, P  9184 [k=2 v=0] gets set {8}, P  9251 [k=2 v=0] gets set {6}, P  9399 [k=2 v=0] gets set {3}, P  9450 [k=2 v=0] gets set {6}, P  9537 [k=2 v=0] gets set {27}, P  9555 [k=2 v=0] gets set {7}, P  9989 [k=2 v=0] gets set {11}]
Probabilities and corresponding integer solution:
lambda_94 = 0.406250 and welfare = 1100.908059 and x_l = [0, 1, 0, 0, 0, 0, 0, 0, 0, 0, 0, 0, 0, 0, 0, 0, 0, 0, 0, 0, 0, 0, 0, 0, 0, 0, 0, 0, 0, 0, 0, 0, 0, 0, 0, 0, 0, 0, 0, 0, 0, 0, 0, 0, 0, 0, 0, 0, 0, 0, 0, 0, 0, 0, 0, 0, 0, 0, 0, 0, 0, 0, 0, 0, 0, 0, 0, 0, 0, 0, 0, 0, 0, 0, 0, 0, 0, 0, 0, 0, 0, 0, 0, 0, 0, 1, 1, 1, 1, 1, 1]
lambda_99 = 0.093750 and welfare = 875.816929 and x_l = [0, 0, 0, 0, 0, 0, 0, 0, 0, 0, 0, 0, 0, 0, 0, 0, 0, 0, 0, 0, 0, 0, 0, 0, 0, 0, 0, 0, 0, 0, 0, 0, 0, 0, 0, 0, 0, 0, 0, 0, 0, 0, 0, 0, 0, 0, 0, 0, 0, 0, 0, 0, 0, 0, 0, 0, 0, 0, 0, 0, 0, 0, 0, 0, 0, 0, 0, 0, 0, 0, 0, 0, 0, 0, 0, 0, 0, 0, 0, 0, 0, 0, 0, 0, 0, 1, 1, 1, 1, 1, 1]
lambda_100 = 0.500000 and welfare = 13580.004845 and x_l = [1, 0, 1, 1, 1, 1, 1, 1, 1, 1, 1, 1, 1, 1, 1, 1, 1, 1, 1, 1, 1, 1, 1, 1, 1, 1, 1, 1, 1, 1, 1, 1, 1, 1, 1, 1, 1, 1, 1, 1, 1, 1, 1, 1, 1, 1, 1, 1, 1, 1, 1, 1, 1, 1, 1, 1, 1, 1, 1, 1, 1, 1, 1, 1, 1, 1, 1, 1, 1, 1, 1, 1, 1, 1, 1, 1, 1, 1, 1, 1, 1, 1, 1, 1, 1, 0, 0, 0, 0, 0, 0]
lambda_else = 0
Using 3 out of 159 integer solutions.
Expected social welfare: 7319.354159
Objective value of primal LP: 1.000000


