Analysis results no. 17

Ellipsoid method stopped in iteration 1000 because reached N.
Ellipsoid parameters: cut=central; eps=0.000000; N=1000; R=7.681146.
Ellipsoid performance: runtime=368.666143 sec.; constraint-cuts=799.

First iteration in which primal was feasible: 73.
In total 90 integer solutions where found, whereas 6 where used by primal.

Solution quality:
Expected social welfare=7145.767344
Absolute deviation=5965.381807
Variance=36014021.744150
Standard deviation=6001.168365
Coefficient of variation=0.839821

Distribution of constraint cuts:
cons_cuts=[4, 5, 7, 9, 11, 13, 16, 17, 19, 21, 23, 25, 27, 29, 31, 33, 35, 37, 39, 41, 43, 45, 47, 49, 51, 53, 55, 57, 59, 61, 63, 65, 67, 68, 70, 71, 73, 74, 76, 77, 79, 81, 82, 84, 86, 87, 89, 91, 92, 94, 95, 96, 98, 99, 101, 103, 104, 106, 107, 109, 110, 112, 113, 115, 116, 118, 120, 121, 123, 124, 126, 127, 129, 131, 132, 134, 135, 137, 138, 140, 141, 143, 145, 146, 148, 149, 151, 152, 154, 155, 157, 158, 160, 161, 162, 164, 165, 167, 168, 170, 171, 172, 174, 175, 176, 178, 179, 181, 182, 183, 185, 186, 187, 189, 191, 192, 193, 195, 196, 198, 199, 201, 202, 203, 205, 206, 207, 209, 210, 212, 213, 214, 216, 217, 218, 220, 221, 222, 224, 225, 227, 228, 229, 231, 232, 234, 235, 236, 238, 239, 240, 242, 243, 245, 246, 247, 249, 250, 252, 253, 254, 256, 257, 259, 260, 261, 262, 264, 265, 266, 267, 269, 270, 271, 272, 274, 275, 276, 277, 279, 280, 281, 283, 284, 285, 286, 288, 289, 290, 291, 292, 293, 295, 296, 297, 298, 299, 301, 302, 303, 304, 306, 307, 308, 309, 310, 312, 313, 314, 315, 317, 318, 319, 320, 322, 323, 324, 325, 326, 328, 329, 330, 331, 333, 334, 335, 336, 338, 339, 340, 341, 343, 344, 345, 346, 348, 349, 350, 351, 353, 354, 355, 356, 357, 358, 360, 361, 362, 363, 364, 366, 367, 368, 369, 370, 371, 373, 374, 375, 376, 377, 379, 380, 381, 382, 383, 385, 386, 387, 388, 389, 391, 392, 393, 394, 395, 397, 398, 399, 400, 401, 403, 404, 405, 406, 408, 409, 410, 411, 412, 414, 415, 416, 417, 419, 420, 421, 422, 423, 425, 426, 427, 428, 430, 431, 432, 433, 435, 436, 437, 438, 440, 441, 442, 443, 444, 446, 447, 448, 450, 451, 452, 453, 454, 456, 457, 458, 459, 460, 462, 463, 464, 465, 466, 467, 468, 470, 471, 472, 473, 474, 476, 477, 478, 479, 480, 481, 483, 484, 485, 486, 487, 488, 490, 491, 492, 493, 494, 496, 497, 498, 499, 500, 502, 503, 504, 505, 506, 508, 509, 510, 511, 512, 514, 515, 516, 517, 518, 520, 521, 522, 523, 525, 526, 527, 528, 530, 531, 532, 533, 535, 536, 537, 538, 539, 540, 542, 543, 544, 545, 546, 548, 549, 550, 551, 553, 554, 555, 556, 557, 559, 560, 561, 562, 564, 565, 566, 567, 568, 570, 571, 572, 574, 575, 576, 577, 578, 579, 581, 582, 583, 584, 585, 587, 588, 589, 590, 592, 593, 594, 595, 596, 597, 599, 600, 601, 602, 603, 605, 606, 607, 608, 609, 611, 612, 613, 614, 615, 617, 618, 619, 620, 621, 623, 624, 625, 626, 627, 629, 630, 631, 632, 634, 635, 636, 637, 639, 640, 641, 642, 643, 645, 646, 647, 648, 650, 651, 652, 653, 654, 655, 656, 658, 659, 660, 661, 662, 663, 665, 666, 667, 668, 669, 670, 671, 673, 674, 675, 676, 677, 678, 679, 681, 682, 683, 684, 685, 686, 687, 689, 690, 691, 692, 693, 694, 696, 697, 698, 699, 700, 701, 703, 704, 705, 706, 707, 709, 710, 711, 712, 713, 715, 716, 717, 718, 719, 721, 722, 723, 724, 725, 727, 728, 729, 730, 731, 733, 734, 735, 736, 737, 739, 740, 741, 742, 744, 745, 746, 747, 748, 749, 751, 752, 753, 754, 755, 756, 757, 758, 759, 760, 761, 762, 763, 764, 765, 767, 768, 769, 770, 771, 772, 773, 774, 775, 776, 778, 779, 780, 781, 782, 783, 784, 785, 786, 788, 789, 790, 791, 792, 793, 794, 796, 797, 798, 799, 800, 801, 803, 804, 805, 806, 807, 808, 809, 811, 812, 813, 814, 815, 817, 818, 819, 820, 821, 822, 823, 824, 826, 827, 828, 829, 830, 831, 832, 833, 834, 835, 836, 838, 839, 840, 841, 842, 843, 844, 845, 847, 848, 849, 850, 851, 852, 853, 854, 855, 857, 858, 859, 860, 861, 862, 863, 864, 865, 866, 867, 868, 870, 871, 872, 873, 874, 875, 876, 878, 879, 880, 881, 882, 883, 884, 885, 887, 888, 889, 890, 891, 892, 893, 894, 895, 896, 897, 898, 899, 900, 901, 902, 903, 904, 905, 906, 907, 909, 910, 911, 912, 913, 914, 915, 916, 917, 918, 919, 920, 921, 922, 923, 924, 926, 927, 928, 929, 930, 931, 932, 933, 934, 935, 936, 937, 938, 939, 941, 942, 943, 944, 945, 946, 947, 948, 949, 950, 951, 952, 954, 955, 956, 957, 958, 959, 960, 961, 962, 963, 964, 965, 967, 968, 969, 970, 971, 972, 973, 974, 975, 976, 978, 979, 980, 981, 982, 983, 984, 985, 987, 988, 989, 990, 991, 992, 993, 994, 995, 996, 997, 999, 1000];
Distribution of found integer solutions:
int_sols=[4, 5, 29, 43, 68, 70, 71, 73, 74, 79, 84, 86, 87, 89, 91, 96, 99, 115, 132, 154, 171, 196, 217, 252, 266, 274, 285, 286, 288, 289, 290, 293, 295, 301, 329, 330, 354, 355, 356, 367, 368, 369, 381, 457, 467, 470, 479, 480, 481, 492, 535, 544, 668, 689, 747, 748, 749, 751, 752, 753, 757, 758, 759, 760, 763, 773, 784, 827, 828, 830, 845, 850, 862, 864, 887, 889, 891, 893, 894, 895, 896, 897, 906, 911, 944, 956, 968, 985, 987, 999];
Distribution of found duplicates:
int_dupl=[16, 57, 201, 246, 623, 631, 639, 647, 7, 9, 11, 13, 17, 19, 21, 23, 25, 27, 31, 33, 35, 37, 39, 41, 45, 47, 49, 51, 53, 55, 59, 61, 63, 65, 67, 101, 118, 124, 126, 129, 131, 134, 137, 140, 143, 145, 148, 189, 192, 195, 247, 250, 256, 587, 690, 692, 694, 697, 700, 703, 705, 710, 712, 715, 718, 721, 723, 729, 731, 734, 736, 739, 742, 745, 259, 328, 341, 679, 756, 420, 442, 76, 81, 109, 260, 303, 306, 310, 315, 318, 320, 323, 414, 669, 671, 676, 682, 831, 833, 838, 840, 842, 844, 847, 267, 270, 344, 349, 408, 410, 415, 422, 425, 427, 430, 444, 447, 450, 452, 754, 94, 835, 77, 82, 95, 110, 302, 304, 309, 314, 317, 319, 322, 412, 670, 673, 677, 832, 834, 836, 839, 841, 843, 848, 92, 174, 176, 179, 182, 185, 261, 264, 882, 884, 202, 253, 265, 272, 331, 334, 336, 339, 346, 351, 687, 984, 198, 205, 207, 210, 213, 216, 218, 221, 224, 227, 229, 232, 235, 238, 240, 243, 592, 595, 597, 600, 602, 605, 607, 609, 612, 615, 618, 620, 624, 626, 629, 634, 636, 640, 642, 645, 656, 863, 112, 120, 203, 308, 648, 653, 849, 858, 981, 983, 107, 113, 116, 121, 307, 312, 650, 654, 683, 852, 980, 982, 98, 103, 106, 151, 152, 155, 158, 161, 164, 167, 170, 275, 277, 280, 283, 432, 435, 437, 440, 454, 681, 707, 172, 175, 178, 181, 183, 186, 262, 866, 881, 883, 104, 149, 157, 160, 162, 165, 168, 276, 279, 281, 284, 433, 436, 438, 441, 709, 123, 127, 135, 138, 141, 146, 191, 193, 199, 249, 254, 257, 326, 588, 678, 691, 693, 696, 699, 701, 704, 711, 713, 717, 719, 722, 728, 730, 735, 737, 741, 744, 746, 313, 698, 706, 716, 724, 733, 740, 187, 206, 209, 212, 214, 220, 222, 225, 228, 234, 236, 239, 242, 245, 594, 596, 599, 601, 606, 608, 611, 614, 617, 619, 621, 625, 627, 630, 632, 635, 637, 641, 643, 646, 655, 231, 593, 603, 613, 271, 333, 335, 338, 340, 345, 350, 458, 686, 269, 343, 348, 409, 411, 416, 421, 423, 426, 428, 443, 446, 448, 451, 755, 431, 453, 394, 406, 880, 291, 360, 362, 364, 652, 684, 762, 767, 769, 292, 358, 361, 363, 651, 685, 761, 765, 768, 770, 296, 460, 463, 465, 774, 776, 781, 783, 786, 789, 791, 793, 796, 798, 800, 805, 807, 809, 813, 815, 818, 297, 456, 459, 462, 464, 466, 775, 778, 782, 785, 788, 790, 792, 797, 799, 801, 804, 806, 808, 811, 814, 817, 819, 298, 324, 357, 549, 554, 566, 725, 872, 874, 876, 879, 299, 325, 353, 366, 548, 553, 565, 727, 873, 875, 878, 803, 812, 820, 468, 471, 473, 476, 478, 659, 661, 663, 666, 674, 824, 506, 533, 537, 539, 542, 545, 572, 576, 578, 581, 826, 771, 383, 386, 388, 391, 393, 395, 398, 400, 403, 405, 585, 854, 382, 385, 387, 389, 392, 397, 399, 401, 404, 584, 853, 855, 870, 857, 871, 370, 373, 375, 377, 380, 417, 371, 374, 376, 379, 419, 1000, 508, 536, 538, 540, 543, 546, 575, 577, 579, 582, 503, 525, 564, 472, 474, 477, 660, 662, 665, 667, 675, 823, 658, 483, 485, 487, 490, 494, 497, 499, 502, 504, 509, 511, 516, 518, 521, 523, 526, 528, 531, 550, 557, 560, 562, 567, 570, 589, 484, 486, 488, 491, 493, 496, 498, 500, 505, 510, 512, 515, 517, 520, 522, 527, 530, 532, 551, 556, 559, 561, 568, 571, 590, 514, 555, 574, 583, 919, 932, 822, 885, 779, 921, 923, 934, 936, 943, 945, 947, 949, 951, 954, 920, 922, 933, 935, 942, 946, 948, 950, 952, 955, 764, 867, 938, 962, 994, 996, 907, 970, 972, 974, 976, 772, 868, 939, 993, 995, 780, 821, 794, 829, 909, 969, 971, 973, 975, 978, 851, 860, 890, 859, 861, 888, 892, 901, 903, 905, 957, 959, 865, 912, 963, 965, 989, 991, 900, 902, 904, 958, 960, 988, 898, 913, 915, 917, 926, 967, 899, 927, 929, 937, 961, 928, 930, 941, 910, 914, 916, 918, 924, 931, 997, 964, 990, 992, 979];

Decomposition solution:
Meaning of solution vector: [P   373 [k=1 v=0] gets set {3}, P   688 [k=1 v=0] gets set {34}, P  1057 [k=1 v=0] gets set {5}, P  1095 [k=1 v=0] gets set {2}, P  1445 [k=1 v=0] gets set {15}, P  1482 [k=1 v=0] gets set {32}, P  1489 [k=1 v=0] gets set {12}, P  1618 [k=1 v=0] gets set {31}, P  1637 [k=1 v=0] gets set {8}, P  1657 [k=1 v=0] gets set {33}, P  1726 [k=1 v=0] gets set {47}, P  1923 [k=1 v=0] gets set {34}, P  2280 [k=1 v=0] gets set {3}, P  2297 [k=1 v=0] gets set {6}, P  3076 [k=1 v=0] gets set {23}, P  3289 [k=1 v=0] gets set {5}, P  3859 [k=1 v=0] gets set {36}, P  4683 [k=1 v=0] gets set {29}, P  4706 [k=1 v=0] gets set {17}, P  4734 [k=1 v=0] gets set {16}, P  4824 [k=1 v=0] gets set {13}, P  4963 [k=1 v=0] gets set {14}, P  5198 [k=1 v=0] gets set {1}, P  5215 [k=1 v=0] gets set {10}, P  5245 [k=1 v=0] gets set {58}, P  5283 [k=1 v=0] gets set {11}, P  5606 [k=1 v=0] gets set {2}, P  5609 [k=1 v=0] gets set {25}, P  5693 [k=1 v=0] gets set {13}, P  5788 [k=1 v=0] gets set {6}, P  6001 [k=1 v=0] gets set {39}, P  6012 [k=1 v=0] gets set {29}, P  6382 [k=1 v=0] gets set {1}, P  6657 [k=1 v=0] gets set {25}, P  7006 [k=1 v=0] gets set {1}, P  7111 [k=1 v=0] gets set {34}, P  7378 [k=1 v=0] gets set {5}, P  7563 [k=1 v=0] gets set {6}, P  7583 [k=1 v=0] gets set {38}, P  7683 [k=1 v=0] gets set {11}, P  7810 [k=1 v=0] gets set {9}, P  7847 [k=1 v=0] gets set {18}, P  7962 [k=1 v=0] gets set {14}, P  7967 [k=1 v=0] gets set {16}, P  8113 [k=1 v=0] gets set {25}, P  8201 [k=1 v=0] gets set {1}, P  8239 [k=1 v=0] gets set {23}, P  8246 [k=1 v=0] gets set {2}, P  8331 [k=1 v=0] gets set {1}, P  8967 [k=1 v=0] gets set {12}, P  9034 [k=1 v=0] gets set {15}, P  9060 [k=1 v=0] gets set {12}, P  9118 [k=1 v=0] gets set {49}, P  9294 [k=1 v=0] gets set {7}, P  9487 [k=1 v=0] gets set {14}, P  9520 [k=1 v=0] gets set {32}, P  9858 [k=1 v=0] gets set {14}, P  9899 [k=1 v=0] gets set {23}]
Probabilities and corresponding integer solution:
lambda_2 = 0.065217 and welfare = 14109.474337 and x_l = [1, 1, 1, 1, 1, 1, 1, 1, 1, 1, 1, 1, 1, 1, 1, 1, 1, 1, 1, 1, 1, 1, 1, 1, 1, 1, 1, 1, 1, 1, 1, 1, 1, 1, 1, 1, 1, 1, 1, 1, 1, 1, 1, 1, 1, 1, 1, 1, 1, 1, 1, 1, 1, 1, 1, 0, 1, 1]
lambda_15 = 0.188406 and welfare = 205.184767 and x_l = [0, 0, 0, 0, 0, 0, 0, 0, 0, 0, 0, 0, 0, 0, 0, 0, 0, 0, 0, 0, 0, 0, 0, 0, 0, 0, 0, 0, 0, 0, 0, 0, 0, 0, 0, 0, 0, 0, 0, 0, 0, 0, 0, 0, 0, 0, 0, 0, 0, 0, 0, 0, 0, 0, 0, 0, 1, 0]
lambda_28 = 0.123188 and welfare = 13580.408374 and x_l = [1, 1, 1, 1, 1, 1, 1, 1, 1, 1, 1, 1, 1, 1, 0, 1, 1, 1, 1, 1, 1, 1, 1, 1, 1, 1, 1, 1, 1, 1, 1, 1, 1, 1, 1, 1, 1, 1, 1, 1, 1, 1, 1, 1, 1, 1, 1, 1, 1, 1, 1, 1, 1, 1, 0, 0, 1, 1]
lambda_57 = 0.311594 and welfare = 1770.041816 and x_l = [0, 0, 0, 0, 0, 0, 0, 0, 0, 0, 0, 0, 0, 0, 0, 0, 0, 0, 0, 0, 0, 0, 0, 0, 0, 0, 0, 0, 0, 0, 0, 0, 0, 0, 0, 0, 0, 0, 0, 0, 0, 0, 0, 0, 0, 0, 0, 0, 0, 0, 0, 0, 1, 1, 1, 1, 0, 1]
lambda_69 = 0.123188 and welfare = 12693.180471 and x_l = [1, 1, 1, 1, 1, 1, 1, 1, 1, 1, 1, 1, 1, 1, 0, 1, 1, 1, 1, 1, 1, 1, 1, 1, 1, 1, 1, 1, 1, 1, 1, 1, 1, 1, 1, 1, 1, 1, 1, 1, 1, 1, 1, 1, 1, 1, 1, 1, 1, 1, 1, 1, 0, 0, 1, 0, 1, 0]
lambda_87 = 0.188406 and welfare = 12732.038923 and x_l = [1, 1, 1, 1, 1, 1, 1, 1, 1, 1, 1, 1, 1, 1, 0, 1, 1, 1, 1, 1, 1, 1, 1, 1, 1, 1, 1, 1, 1, 1, 1, 1, 1, 1, 1, 1, 1, 1, 1, 1, 1, 1, 1, 1, 1, 1, 1, 1, 1, 1, 1, 1, 0, 0, 0, 1, 0, 0]
lambda_else = 0
Using 6 out of 90 integer solutions.
Expected social welfare: 7145.767344
Objective value of primal LP: 1.000000


