Analysis results no. 28

Ellipsoid method stopped in iteration 1000 because reached N.
Ellipsoid parameters: cut=central; eps=0.000000; N=1000; R=7.681146.
Ellipsoid performance: runtime=138.360373 sec.; constraint-cuts=802.

First iteration in which primal was feasible: 5.
In total 89 integer solutions where found, whereas 4 where used by primal.

Solution quality:
Expected social welfare=7145.767344
Absolute deviation=5156.068026
Variance=26588123.254972
Standard deviation=5156.367254
Coefficient of variation=0.721597

Distribution of constraint cuts:
cons_cuts=[2, 3, 5, 7, 9, 11, 13, 15, 17, 18, 20, 22, 24, 26, 28, 30, 32, 33, 35, 37, 39, 41, 42, 44, 46, 48, 49, 51, 53, 55, 57, 58, 60, 62, 64, 65, 67, 69, 70, 72, 74, 75, 77, 79, 80, 82, 84, 85, 87, 89, 90, 92, 94, 95, 97, 98, 100, 102, 103, 105, 107, 108, 109, 111, 112, 114, 116, 117, 119, 120, 122, 123, 124, 126, 127, 128, 130, 132, 133, 135, 137, 138, 139, 141, 142, 144, 145, 147, 148, 150, 151, 153, 154, 156, 157, 159, 161, 162, 164, 165, 167, 168, 170, 171, 173, 174, 176, 177, 179, 180, 182, 183, 185, 186, 188, 190, 191, 193, 194, 196, 197, 199, 200, 201, 203, 204, 206, 207, 209, 210, 212, 213, 214, 216, 217, 219, 220, 222, 223, 225, 226, 227, 229, 230, 232, 233, 235, 236, 237, 239, 240, 241, 243, 244, 245, 246, 247, 248, 250, 251, 252, 253, 255, 256, 257, 258, 259, 261, 262, 263, 264, 266, 267, 268, 269, 270, 272, 273, 274, 275, 276, 278, 279, 280, 281, 283, 284, 285, 286, 287, 289, 290, 291, 292, 293, 295, 296, 297, 298, 299, 301, 302, 303, 304, 306, 307, 308, 309, 311, 312, 313, 314, 315, 317, 318, 319, 320, 322, 323, 324, 325, 327, 328, 329, 330, 331, 333, 334, 335, 336, 338, 339, 340, 341, 343, 344, 345, 346, 347, 348, 350, 351, 352, 353, 354, 356, 357, 358, 359, 360, 362, 363, 364, 365, 366, 368, 369, 370, 371, 373, 374, 375, 376, 378, 379, 380, 381, 383, 384, 385, 386, 388, 389, 390, 392, 393, 394, 395, 396, 398, 399, 400, 401, 402, 404, 405, 406, 407, 408, 410, 411, 412, 413, 414, 416, 417, 418, 419, 421, 422, 423, 424, 425, 426, 428, 429, 430, 431, 433, 434, 435, 436, 437, 439, 440, 441, 442, 444, 445, 446, 447, 449, 450, 451, 452, 454, 455, 456, 458, 459, 460, 461, 463, 464, 465, 466, 468, 469, 470, 472, 473, 474, 475, 477, 478, 479, 481, 482, 483, 484, 486, 487, 488, 489, 490, 492, 493, 494, 495, 496, 497, 499, 500, 501, 502, 503, 504, 505, 507, 508, 509, 510, 511, 512, 513, 515, 516, 517, 518, 519, 520, 522, 523, 524, 525, 526, 527, 529, 530, 531, 532, 533, 535, 536, 537, 538, 539, 541, 542, 543, 544, 545, 546, 548, 549, 550, 551, 553, 554, 555, 556, 557, 559, 560, 561, 562, 564, 565, 566, 567, 568, 570, 571, 572, 573, 575, 576, 577, 578, 580, 581, 582, 583, 584, 586, 587, 588, 590, 591, 592, 593, 594, 595, 596, 598, 599, 600, 601, 602, 603, 605, 606, 607, 608, 610, 611, 612, 614, 615, 616, 617, 619, 620, 621, 622, 623, 624, 625, 626, 628, 629, 630, 631, 632, 633, 634, 635, 637, 638, 639, 640, 641, 642, 643, 644, 646, 647, 648, 649, 650, 651, 652, 653, 655, 656, 657, 658, 659, 660, 661, 662, 664, 665, 666, 667, 668, 669, 670, 672, 673, 674, 675, 676, 677, 678, 679, 681, 682, 683, 684, 685, 686, 687, 689, 690, 691, 692, 693, 694, 695, 696, 698, 699, 700, 701, 702, 703, 704, 706, 707, 708, 709, 710, 711, 712, 714, 715, 716, 717, 718, 719, 720, 722, 723, 724, 725, 726, 727, 728, 730, 731, 732, 733, 734, 735, 737, 738, 739, 740, 741, 742, 744, 745, 746, 747, 748, 749, 751, 752, 753, 754, 755, 756, 757, 759, 760, 761, 762, 763, 764, 765, 767, 768, 769, 770, 771, 772, 774, 775, 776, 777, 778, 779, 781, 782, 783, 784, 785, 786, 788, 789, 790, 791, 792, 793, 795, 796, 797, 798, 799, 800, 801, 803, 804, 805, 806, 807, 808, 809, 811, 812, 813, 814, 815, 816, 817, 819, 820, 821, 822, 823, 824, 826, 827, 828, 829, 830, 831, 833, 834, 835, 836, 837, 839, 840, 841, 842, 843, 844, 846, 847, 848, 849, 850, 851, 852, 853, 854, 855, 856, 857, 859, 860, 861, 862, 863, 864, 865, 866, 867, 868, 869, 870, 871, 872, 873, 874, 875, 876, 877, 878, 880, 881, 882, 883, 884, 885, 886, 887, 888, 889, 890, 891, 892, 893, 894, 895, 897, 898, 899, 900, 901, 902, 903, 904, 905, 906, 907, 908, 909, 911, 912, 913, 914, 915, 916, 917, 918, 919, 920, 921, 922, 924, 925, 926, 927, 928, 929, 930, 931, 932, 933, 935, 936, 937, 938, 939, 940, 941, 942, 943, 945, 946, 947, 948, 949, 950, 951, 952, 954, 955, 956, 957, 958, 959, 960, 961, 962, 963, 964, 966, 967, 968, 969, 970, 971, 972, 973, 974, 975, 977, 978, 979, 980, 981, 982, 983, 984, 985, 986, 988, 989, 990, 991, 992, 993, 994, 995, 996, 998, 999, 1000];
Distribution of found integer solutions:
int_sols=[2, 3, 5, 13, 49, 80, 107, 108, 109, 111, 112, 123, 142, 239, 240, 241, 252, 268, 269, 270, 272, 338, 339, 353, 357, 358, 380, 394, 395, 419, 421, 433, 464, 494, 495, 497, 509, 582, 583, 590, 591, 592, 593, 602, 623, 624, 630, 642, 643, 644, 653, 676, 728, 748, 786, 795, 848, 849, 850, 859, 860, 861, 872, 873, 874, 888, 889, 892, 893, 897, 898, 899, 911, 954, 955, 956, 957, 960, 962, 964, 966, 969, 970, 977, 986, 988, 989, 996, 1000];
Distribution of found duplicates:
int_dupl=[17, 32, 48, 64, 164, 196, 212, 18, 33, 42, 65, 70, 75, 85, 90, 95, 139, 145, 150, 153, 165, 168, 171, 197, 200, 203, 206, 209, 213, 216, 219, 222, 227, 230, 233, 335, 383, 385, 388, 797, 799, 7, 9, 11, 20, 22, 24, 35, 37, 39, 44, 46, 67, 69, 72, 74, 77, 79, 82, 84, 87, 89, 92, 94, 97, 130, 135, 141, 147, 148, 151, 154, 167, 170, 173, 199, 201, 204, 207, 210, 214, 217, 220, 223, 226, 229, 232, 235, 334, 381, 384, 386, 389, 628, 796, 798, 15, 26, 28, 30, 41, 51, 53, 55, 57, 60, 62, 100, 102, 105, 114, 144, 157, 159, 162, 176, 177, 180, 183, 186, 188, 191, 194, 237, 619, 689, 710, 803, 806, 808, 811, 813, 815, 817, 820, 822, 826, 828, 830, 834, 836, 839, 841, 843, 846, 58, 98, 103, 124, 156, 161, 174, 182, 185, 190, 193, 236, 336, 620, 805, 807, 809, 812, 816, 819, 821, 824, 827, 829, 833, 835, 837, 842, 844, 847, 225, 390, 283, 297, 120, 132, 137, 313, 315, 318, 320, 323, 328, 656, 658, 660, 662, 666, 668, 683, 685, 700, 749, 752, 754, 756, 801, 119, 122, 138, 312, 314, 317, 319, 322, 324, 327, 655, 657, 659, 661, 664, 667, 669, 682, 684, 699, 751, 753, 755, 800, 116, 127, 284, 286, 289, 291, 293, 296, 298, 301, 303, 306, 308, 370, 373, 375, 378, 994, 117, 126, 128, 133, 285, 287, 290, 292, 295, 299, 302, 304, 307, 309, 369, 371, 374, 376, 379, 311, 325, 665, 179, 804, 814, 823, 831, 840, 406, 418, 243, 245, 247, 250, 255, 257, 259, 262, 264, 329, 393, 400, 402, 405, 407, 410, 412, 414, 417, 486, 488, 493, 701, 784, 244, 246, 248, 251, 253, 256, 258, 261, 263, 266, 330, 392, 399, 401, 404, 408, 411, 413, 416, 484, 487, 492, 785, 267, 333, 341, 344, 346, 348, 351, 356, 360, 365, 621, 678, 681, 331, 343, 345, 347, 350, 352, 354, 359, 364, 366, 622, 677, 679, 686, 273, 275, 278, 280, 424, 426, 429, 431, 435, 437, 440, 442, 445, 447, 450, 452, 456, 459, 461, 465, 468, 470, 473, 477, 479, 482, 274, 276, 279, 281, 340, 425, 428, 430, 434, 436, 439, 441, 446, 449, 451, 455, 458, 460, 463, 466, 469, 472, 475, 478, 481, 967, 594, 596, 601, 770, 772, 775, 368, 687, 362, 489, 631, 363, 490, 396, 496, 500, 502, 504, 507, 510, 512, 515, 517, 519, 523, 525, 527, 530, 533, 536, 538, 541, 545, 548, 550, 554, 556, 559, 561, 565, 567, 570, 573, 576, 578, 586, 588, 605, 607, 611, 614, 616, 398, 499, 501, 503, 505, 508, 511, 513, 516, 518, 522, 524, 526, 529, 531, 535, 537, 539, 542, 544, 546, 549, 551, 555, 557, 560, 564, 566, 568, 571, 575, 577, 580, 584, 587, 603, 606, 608, 612, 615, 422, 720, 723, 725, 727, 730, 732, 734, 737, 742, 747, 778, 781, 423, 719, 722, 724, 726, 731, 733, 735, 741, 746, 777, 779, 444, 454, 474, 483, 633, 635, 638, 640, 691, 693, 695, 702, 704, 707, 712, 715, 717, 739, 744, 632, 634, 637, 639, 641, 672, 692, 694, 696, 703, 706, 708, 714, 716, 740, 745, 520, 562, 617, 532, 543, 553, 572, 581, 610, 625, 765, 626, 767, 768, 598, 760, 762, 764, 788, 790, 792, 599, 629, 670, 759, 761, 763, 789, 791, 793, 595, 600, 769, 771, 774, 776, 651, 673, 675, 782, 650, 674, 690, 711, 783, 718, 698, 709, 646, 648, 652, 999, 647, 649, 998, 738, 757, 885, 851, 853, 855, 857, 887, 891, 852, 854, 856, 886, 890, 862, 864, 866, 868, 870, 863, 865, 867, 869, 871, 875, 877, 880, 882, 884, 876, 878, 881, 883, 894, 912, 933, 895, 913, 935, 900, 902, 904, 906, 908, 914, 916, 918, 920, 924, 926, 928, 930, 936, 938, 940, 945, 947, 949, 951, 921, 952, 901, 903, 905, 907, 909, 915, 917, 919, 922, 925, 927, 929, 931, 937, 939, 941, 943, 946, 948, 950, 932, 942, 961, 963, 968, 995, 958, 984, 959, 985, 971, 973, 975, 978, 980, 982, 972, 974, 979, 981, 983, 990, 992, 991, 993];

Decomposition solution:
Meaning of solution vector: [P   373 [k=1 v=0] gets set {3}, P   688 [k=1 v=0] gets set {34}, P  1057 [k=1 v=0] gets set {5}, P  1095 [k=1 v=0] gets set {2}, P  1445 [k=1 v=0] gets set {15}, P  1482 [k=1 v=0] gets set {32}, P  1489 [k=1 v=0] gets set {12}, P  1618 [k=1 v=0] gets set {31}, P  1637 [k=1 v=0] gets set {8}, P  1657 [k=1 v=0] gets set {33}, P  1726 [k=1 v=0] gets set {47}, P  1923 [k=1 v=0] gets set {34}, P  2280 [k=1 v=0] gets set {3}, P  2297 [k=1 v=0] gets set {6}, P  3076 [k=1 v=0] gets set {23}, P  3289 [k=1 v=0] gets set {5}, P  3859 [k=1 v=0] gets set {36}, P  4683 [k=1 v=0] gets set {29}, P  4706 [k=1 v=0] gets set {17}, P  4734 [k=1 v=0] gets set {16}, P  4824 [k=1 v=0] gets set {13}, P  4963 [k=1 v=0] gets set {14}, P  5198 [k=1 v=0] gets set {1}, P  5215 [k=1 v=0] gets set {10}, P  5245 [k=1 v=0] gets set {58}, P  5283 [k=1 v=0] gets set {11}, P  5606 [k=1 v=0] gets set {2}, P  5609 [k=1 v=0] gets set {25}, P  5693 [k=1 v=0] gets set {13}, P  5788 [k=1 v=0] gets set {6}, P  6001 [k=1 v=0] gets set {39}, P  6012 [k=1 v=0] gets set {29}, P  6382 [k=1 v=0] gets set {1}, P  6657 [k=1 v=0] gets set {25}, P  7006 [k=1 v=0] gets set {1}, P  7111 [k=1 v=0] gets set {34}, P  7378 [k=1 v=0] gets set {5}, P  7563 [k=1 v=0] gets set {6}, P  7583 [k=1 v=0] gets set {38}, P  7683 [k=1 v=0] gets set {11}, P  7810 [k=1 v=0] gets set {9}, P  7847 [k=1 v=0] gets set {18}, P  7962 [k=1 v=0] gets set {14}, P  7967 [k=1 v=0] gets set {16}, P  8113 [k=1 v=0] gets set {25}, P  8201 [k=1 v=0] gets set {1}, P  8239 [k=1 v=0] gets set {23}, P  8246 [k=1 v=0] gets set {2}, P  8331 [k=1 v=0] gets set {1}, P  8967 [k=1 v=0] gets set {12}, P  9034 [k=1 v=0] gets set {15}, P  9060 [k=1 v=0] gets set {12}, P  9118 [k=1 v=0] gets set {49}, P  9294 [k=1 v=0] gets set {7}, P  9487 [k=1 v=0] gets set {14}, P  9520 [k=1 v=0] gets set {32}, P  9858 [k=1 v=0] gets set {14}, P  9899 [k=1 v=0] gets set {23}]
Probabilities and corresponding integer solution:
lambda_57 = 0.434783 and welfare = 1975.226583 and x_l = [0, 0, 0, 0, 0, 0, 0, 0, 0, 0, 0, 0, 0, 0, 0, 0, 0, 0, 0, 0, 0, 0, 0, 0, 0, 0, 0, 0, 0, 0, 0, 0, 0, 0, 0, 0, 0, 0, 0, 0, 0, 0, 0, 0, 0, 0, 0, 0, 0, 0, 0, 0, 1, 1, 1, 1, 1, 1]
lambda_58 = 0.434783 and welfare = 12275.072139 and x_l = [1, 1, 1, 1, 1, 1, 1, 1, 1, 1, 1, 1, 1, 1, 0, 1, 1, 1, 1, 1, 1, 1, 1, 1, 1, 1, 1, 1, 1, 1, 1, 1, 1, 1, 1, 1, 1, 1, 1, 1, 1, 1, 1, 1, 1, 1, 1, 1, 1, 1, 1, 1, 0, 0, 0, 0, 0, 0]
lambda_81 = 0.065217 and welfare = 12480.256906 and x_l = [1, 1, 1, 1, 1, 1, 1, 1, 1, 1, 1, 1, 1, 1, 0, 1, 1, 1, 1, 1, 1, 1, 1, 1, 1, 1, 1, 1, 1, 1, 1, 1, 1, 1, 1, 1, 1, 1, 1, 1, 1, 1, 1, 1, 1, 1, 1, 1, 1, 1, 1, 1, 0, 0, 0, 0, 1, 0]
lambda_83 = 0.065217 and welfare = 2086.184215 and x_l = [0, 0, 0, 0, 0, 0, 0, 0, 0, 0, 0, 0, 0, 0, 1, 0, 0, 0, 0, 0, 0, 0, 0, 0, 0, 0, 0, 0, 0, 0, 0, 0, 0, 0, 0, 0, 0, 0, 0, 0, 0, 0, 0, 0, 0, 0, 0, 0, 0, 0, 0, 0, 1, 1, 1, 1, 0, 1]
lambda_else = 0
Using 4 out of 89 integer solutions.
Expected social welfare: 7145.767344
Objective value of primal LP: 1.000000


