Analysis results no. 9

Ellipsoid method stopped in iteration 1000 because reached N.
Ellipsoid parameters: cut=deep; eps=0.000000; N=1000; R=7.681146.
Ellipsoid performance: runtime=347.694556 sec.; constraint-cuts=776.

First iteration in which primal was feasible: 30.
In total 99 integer solutions where found, whereas 3 where used by primal.

Solution quality:
Expected social welfare=7145.767344
Absolute deviation=6688.800559
Variance=44745720.940165
Standard deviation=6689.224241
Coefficient of variation=0.936110

Distribution of constraint cuts:
cons_cuts=[2, 4, 6, 8, 10, 12, 14, 16, 18, 19, 21, 23, 25, 26, 28, 30, 31, 33, 35, 37, 38, 40, 42, 43, 45, 47, 48, 50, 52, 53, 55, 57, 58, 60, 62, 63, 65, 66, 68, 70, 71, 73, 75, 76, 78, 79, 81, 82, 84, 85, 87, 88, 90, 91, 93, 94, 96, 97, 99, 100, 102, 103, 105, 106, 108, 109, 111, 112, 114, 115, 117, 118, 120, 122, 123, 125, 126, 128, 129, 131, 132, 133, 135, 136, 138, 139, 141, 142, 144, 145, 146, 148, 150, 151, 153, 154, 156, 157, 158, 160, 161, 163, 164, 166, 167, 169, 170, 172, 173, 175, 176, 178, 179, 180, 182, 183, 185, 186, 188, 189, 191, 192, 194, 195, 197, 198, 199, 201, 202, 204, 205, 207, 208, 209, 210, 212, 213, 214, 215, 216, 218, 219, 220, 221, 222, 224, 225, 226, 227, 229, 230, 231, 232, 234, 235, 236, 238, 239, 240, 242, 243, 244, 246, 247, 248, 249, 251, 252, 253, 255, 256, 257, 259, 260, 262, 263, 264, 266, 267, 268, 270, 271, 272, 274, 275, 276, 277, 279, 280, 281, 283, 284, 285, 287, 288, 290, 291, 293, 294, 295, 297, 298, 299, 301, 302, 303, 304, 306, 307, 308, 310, 311, 312, 314, 315, 316, 318, 319, 320, 322, 323, 324, 326, 327, 328, 330, 331, 332, 334, 335, 337, 338, 339, 341, 342, 344, 345, 347, 348, 349, 351, 352, 354, 355, 356, 358, 359, 361, 362, 363, 365, 366, 368, 369, 370, 372, 373, 374, 376, 377, 378, 380, 381, 382, 383, 385, 386, 387, 389, 390, 391, 392, 394, 395, 397, 398, 399, 401, 402, 404, 405, 406, 408, 409, 410, 412, 413, 415, 416, 417, 419, 420, 421, 423, 424, 426, 427, 428, 429, 431, 432, 433, 434, 436, 437, 438, 440, 441, 442, 444, 445, 446, 448, 449, 451, 452, 453, 455, 456, 457, 459, 460, 462, 463, 464, 466, 467, 468, 470, 471, 472, 473, 475, 476, 477, 478, 479, 480, 481, 482, 483, 484, 485, 486, 487, 489, 490, 491, 492, 493, 494, 495, 496, 497, 498, 499, 500, 502, 503, 504, 505, 506, 507, 508, 509, 510, 512, 513, 514, 515, 516, 517, 518, 519, 521, 522, 523, 524, 525, 526, 527, 529, 530, 531, 532, 533, 535, 536, 537, 538, 539, 540, 542, 543, 544, 545, 546, 548, 549, 550, 551, 552, 553, 555, 556, 557, 558, 559, 561, 562, 563, 564, 566, 567, 568, 569, 570, 572, 573, 574, 575, 576, 578, 579, 580, 581, 582, 584, 585, 586, 587, 589, 590, 591, 592, 594, 595, 596, 597, 598, 600, 601, 602, 603, 605, 606, 607, 609, 610, 611, 612, 614, 615, 616, 617, 619, 620, 621, 623, 624, 625, 626, 628, 629, 630, 632, 633, 634, 635, 637, 638, 639, 640, 642, 643, 644, 646, 647, 648, 650, 651, 652, 654, 655, 657, 658, 659, 661, 662, 663, 664, 666, 667, 668, 669, 671, 672, 673, 674, 676, 677, 678, 679, 680, 681, 682, 683, 684, 685, 686, 687, 688, 689, 690, 691, 692, 693, 694, 695, 696, 698, 699, 700, 701, 702, 703, 704, 705, 706, 707, 708, 709, 710, 712, 713, 714, 715, 716, 717, 718, 719, 720, 721, 723, 724, 725, 726, 727, 728, 729, 730, 732, 733, 734, 735, 736, 737, 739, 740, 741, 742, 743, 744, 746, 747, 748, 749, 750, 752, 753, 754, 755, 756, 758, 759, 760, 761, 762, 763, 764, 766, 767, 768, 769, 770, 771, 772, 774, 775, 776, 778, 779, 780, 782, 783, 784, 786, 787, 788, 790, 791, 792, 794, 795, 796, 798, 799, 800, 802, 803, 804, 806, 807, 808, 810, 811, 812, 814, 815, 816, 817, 818, 819, 821, 822, 823, 824, 825, 827, 828, 829, 830, 831, 832, 833, 834, 835, 837, 838, 839, 840, 841, 842, 843, 845, 846, 847, 848, 849, 850, 851, 853, 854, 855, 856, 857, 858, 860, 861, 862, 863, 864, 866, 867, 868, 869, 870, 871, 872, 874, 875, 876, 877, 878, 879, 881, 882, 883, 884, 885, 886, 888, 889, 890, 891, 892, 893, 895, 896, 897, 898, 899, 900, 902, 903, 904, 905, 906, 907, 909, 910, 911, 912, 913, 915, 916, 917, 918, 919, 921, 922, 923, 924, 925, 927, 928, 929, 930, 932, 933, 934, 935, 937, 938, 939, 940, 942, 943, 944, 945, 947, 948, 949, 950, 952, 953, 954, 956, 957, 958, 960, 961, 962, 963, 964, 965, 966, 968, 969, 970, 971, 972, 973, 975, 976, 977, 978, 979, 980, 982, 983, 984, 985, 986, 987, 989, 990, 991, 992, 993, 994, 996, 997, 998, 999, 1000];
Distribution of found integer solutions:
int_sols=[2, 4, 16, 18, 19, 30, 65, 68, 70, 75, 76, 87, 102, 129, 144, 208, 209, 210, 212, 218, 231, 246, 247, 255, 264, 272, 274, 275, 276, 312, 434, 476, 477, 478, 479, 481, 482, 484, 492, 493, 494, 497, 498, 507, 518, 529, 538, 539, 540, 548, 550, 580, 602, 605, 609, 633, 676, 677, 678, 681, 683, 684, 685, 686, 693, 694, 695, 696, 706, 707, 708, 709, 710, 712, 716, 717, 719, 755, 758, 759, 760, 762, 766, 768, 769, 770, 771, 828, 829, 840, 845, 847, 849, 868, 892, 902, 910, 970, 976];
Distribution of found duplicates:
int_dupl=[293, 6, 8, 10, 12, 14, 33, 35, 66, 199, 202, 205, 471, 473, 559, 562, 664, 667, 671, 673, 73, 115, 167, 188, 347, 814, 25, 37, 42, 47, 52, 57, 62, 78, 81, 84, 90, 125, 128, 170, 173, 176, 332, 335, 21, 23, 26, 28, 31, 38, 40, 43, 45, 48, 50, 53, 55, 58, 60, 63, 79, 82, 85, 88, 91, 126, 169, 172, 175, 331, 334, 337, 198, 201, 204, 207, 470, 472, 475, 558, 561, 563, 666, 668, 672, 674, 71, 131, 133, 136, 139, 142, 145, 148, 151, 154, 244, 257, 260, 266, 287, 290, 468, 132, 135, 138, 141, 146, 150, 153, 256, 259, 262, 285, 288, 291, 841, 93, 96, 99, 105, 108, 111, 114, 118, 122, 157, 160, 163, 166, 180, 183, 186, 191, 194, 339, 342, 345, 877, 879, 882, 94, 97, 100, 103, 106, 109, 112, 117, 120, 123, 158, 161, 164, 179, 182, 185, 189, 192, 195, 341, 344, 878, 881, 338, 197, 178, 883, 156, 284, 397, 404, 415, 426, 271, 298, 301, 316, 319, 428, 431, 433, 851, 854, 856, 213, 215, 220, 222, 225, 227, 230, 232, 235, 238, 240, 251, 270, 294, 297, 349, 352, 356, 359, 363, 366, 370, 436, 438, 442, 446, 449, 453, 457, 460, 464, 214, 216, 219, 221, 224, 226, 229, 234, 236, 239, 242, 249, 268, 295, 314, 348, 351, 355, 358, 362, 365, 369, 372, 437, 441, 444, 448, 452, 455, 459, 463, 466, 860, 243, 373, 445, 456, 467, 354, 361, 368, 440, 451, 462, 248, 253, 267, 385, 387, 427, 733, 735, 737, 816, 818, 862, 864, 961, 252, 263, 383, 386, 389, 732, 734, 736, 815, 817, 819, 863, 330, 739, 866, 390, 821, 299, 302, 315, 318, 320, 382, 429, 432, 850, 853, 855, 857, 978, 303, 322, 858, 277, 280, 283, 304, 307, 310, 324, 327, 376, 378, 392, 395, 399, 402, 406, 410, 413, 417, 421, 424, 279, 281, 306, 308, 311, 323, 326, 328, 374, 377, 380, 391, 394, 398, 401, 405, 408, 412, 416, 419, 423, 530, 763, 381, 409, 420, 506, 564, 595, 483, 485, 487, 490, 509, 512, 514, 516, 979, 982, 480, 495, 499, 502, 504, 590, 592, 977, 496, 521, 523, 525, 527, 568, 570, 597, 600, 623, 625, 663, 822, 824, 531, 536, 574, 576, 579, 582, 585, 635, 638, 642, 644, 557, 968, 486, 489, 491, 508, 510, 513, 515, 517, 532, 980, 983, 533, 549, 551, 553, 556, 861, 966, 535, 537, 573, 575, 578, 581, 584, 586, 634, 637, 640, 643, 519, 522, 524, 526, 567, 569, 596, 598, 601, 624, 626, 823, 825, 500, 503, 505, 589, 591, 594, 566, 603, 606, 610, 612, 616, 619, 629, 632, 648, 652, 655, 659, 772, 775, 779, 783, 787, 791, 795, 799, 803, 807, 811, 984, 572, 669, 587, 542, 544, 546, 741, 743, 746, 749, 752, 754, 543, 545, 740, 742, 744, 748, 750, 753, 747, 552, 555, 639, 646, 628, 607, 611, 614, 617, 620, 630, 647, 650, 654, 658, 661, 774, 778, 780, 784, 788, 792, 796, 800, 804, 808, 812, 615, 621, 651, 662, 782, 786, 790, 794, 798, 802, 806, 810, 657, 776, 679, 969, 971, 973, 680, 682, 846, 848, 896, 898, 900, 904, 906, 909, 912, 915, 927, 929, 933, 935, 939, 942, 945, 949, 952, 956, 687, 689, 691, 721, 724, 728, 756, 688, 690, 692, 720, 723, 725, 729, 895, 897, 899, 903, 905, 907, 911, 913, 916, 928, 930, 934, 937, 940, 944, 947, 950, 954, 957, 917, 932, 938, 948, 958, 698, 700, 702, 704, 726, 699, 701, 703, 705, 727, 730, 843, 713, 986, 989, 991, 714, 718, 963, 987, 990, 992, 715, 842, 964, 965, 985, 827, 764, 767, 889, 962, 994, 997, 999, 876, 893, 960, 761, 830, 832, 834, 837, 839, 884, 886, 891, 919, 922, 924, 831, 833, 835, 838, 885, 890, 918, 921, 923, 888, 996, 998, 1000, 867, 869, 871, 874, 925, 870, 872, 875, 943, 953, 972, 975, 993];

Decomposition solution:
Meaning of solution vector: [P   373 [k=1 v=0] gets set {3}, P   688 [k=1 v=0] gets set {34}, P  1057 [k=1 v=0] gets set {5}, P  1095 [k=1 v=0] gets set {2}, P  1445 [k=1 v=0] gets set {15}, P  1482 [k=1 v=0] gets set {32}, P  1489 [k=1 v=0] gets set {12}, P  1618 [k=1 v=0] gets set {31}, P  1637 [k=1 v=0] gets set {8}, P  1657 [k=1 v=0] gets set {33}, P  1726 [k=1 v=0] gets set {47}, P  1923 [k=1 v=0] gets set {34}, P  2280 [k=1 v=0] gets set {3}, P  2297 [k=1 v=0] gets set {6}, P  3076 [k=1 v=0] gets set {23}, P  3289 [k=1 v=0] gets set {5}, P  3859 [k=1 v=0] gets set {36}, P  4683 [k=1 v=0] gets set {29}, P  4706 [k=1 v=0] gets set {17}, P  4734 [k=1 v=0] gets set {16}, P  4824 [k=1 v=0] gets set {13}, P  4963 [k=1 v=0] gets set {14}, P  5198 [k=1 v=0] gets set {1}, P  5215 [k=1 v=0] gets set {10}, P  5245 [k=1 v=0] gets set {58}, P  5283 [k=1 v=0] gets set {11}, P  5606 [k=1 v=0] gets set {2}, P  5609 [k=1 v=0] gets set {25}, P  5693 [k=1 v=0] gets set {13}, P  5788 [k=1 v=0] gets set {6}, P  6001 [k=1 v=0] gets set {39}, P  6012 [k=1 v=0] gets set {29}, P  6382 [k=1 v=0] gets set {1}, P  6657 [k=1 v=0] gets set {25}, P  7006 [k=1 v=0] gets set {1}, P  7111 [k=1 v=0] gets set {34}, P  7378 [k=1 v=0] gets set {5}, P  7563 [k=1 v=0] gets set {6}, P  7583 [k=1 v=0] gets set {38}, P  7683 [k=1 v=0] gets set {11}, P  7810 [k=1 v=0] gets set {9}, P  7847 [k=1 v=0] gets set {18}, P  7962 [k=1 v=0] gets set {14}, P  7967 [k=1 v=0] gets set {16}, P  8113 [k=1 v=0] gets set {25}, P  8201 [k=1 v=0] gets set {1}, P  8239 [k=1 v=0] gets set {23}, P  8246 [k=1 v=0] gets set {2}, P  8331 [k=1 v=0] gets set {1}, P  8967 [k=1 v=0] gets set {12}, P  9034 [k=1 v=0] gets set {15}, P  9060 [k=1 v=0] gets set {12}, P  9118 [k=1 v=0] gets set {49}, P  9294 [k=1 v=0] gets set {7}, P  9487 [k=1 v=0] gets set {14}, P  9520 [k=1 v=0] gets set {32}, P  9858 [k=1 v=0] gets set {14}, P  9899 [k=1 v=0] gets set {23}]
Probabilities and corresponding integer solution:
lambda_56 = 0.065217 and welfare = 14109.474337 and x_l = [1, 1, 1, 1, 1, 1, 1, 1, 1, 1, 1, 1, 1, 1, 1, 1, 1, 1, 1, 1, 1, 1, 1, 1, 1, 1, 1, 1, 1, 1, 1, 1, 1, 1, 1, 1, 1, 1, 1, 1, 1, 1, 1, 1, 1, 1, 1, 1, 1, 1, 1, 1, 1, 1, 1, 0, 1, 1]
lambda_83 = 0.434783 and welfare = 13793.331938 and x_l = [1, 1, 1, 1, 1, 1, 1, 1, 1, 1, 1, 1, 1, 1, 0, 1, 1, 1, 1, 1, 1, 1, 1, 1, 1, 1, 1, 1, 1, 1, 1, 1, 1, 1, 1, 1, 1, 1, 1, 1, 1, 1, 1, 1, 1, 1, 1, 1, 1, 1, 1, 1, 1, 1, 1, 0, 1, 1]
lambda_84 = 0.500000 and welfare = 456.966784 and x_l = [0, 0, 0, 0, 0, 0, 0, 0, 0, 0, 0, 0, 0, 0, 0, 0, 0, 0, 0, 0, 0, 0, 0, 0, 0, 0, 0, 0, 0, 0, 0, 0, 0, 0, 0, 0, 0, 0, 0, 0, 0, 0, 0, 0, 0, 0, 0, 0, 0, 0, 0, 0, 0, 0, 0, 1, 0, 0]
lambda_else = 0
Using 3 out of 99 integer solutions.
Expected social welfare: 7145.767344
Objective value of primal LP: 1.000000


