Analysis results no. 20

Ellipsoid method stopped in iteration 1000 because reached N.
Ellipsoid parameters: cut=central; eps=0.000000; N=1000; R=7.681146.
Ellipsoid performance: runtime=1127.608031 sec.; constraint-cuts=883.

First iteration in which primal was feasible: 341.
In total 363 integer solutions where found, whereas 9 where used by primal.

Solution quality:
Expected social welfare=7145.767344
Absolute deviation=5725.941931
Variance=33126492.644253
Standard deviation=5755.561888
Coefficient of variation=0.805451

Distribution of constraint cuts:
cons_cuts=[1, 2, 3, 4, 5, 6, 7, 8, 9, 10, 11, 12, 13, 14, 15, 16, 17, 18, 19, 20, 21, 22, 23, 24, 25, 26, 27, 28, 29, 30, 31, 32, 33, 34, 35, 36, 37, 38, 39, 40, 41, 42, 43, 44, 45, 46, 47, 48, 49, 50, 51, 52, 53, 54, 55, 56, 57, 58, 59, 60, 61, 62, 63, 64, 65, 66, 67, 68, 69, 70, 71, 72, 73, 74, 75, 76, 77, 78, 79, 80, 81, 82, 83, 84, 85, 86, 87, 88, 89, 90, 91, 92, 93, 94, 95, 96, 97, 98, 99, 100, 101, 102, 103, 104, 105, 106, 107, 108, 109, 110, 111, 112, 113, 114, 115, 116, 117, 118, 119, 120, 121, 122, 123, 124, 125, 126, 127, 128, 129, 130, 131, 132, 133, 134, 135, 136, 137, 138, 139, 140, 141, 142, 143, 144, 145, 146, 147, 148, 149, 150, 151, 152, 153, 154, 155, 156, 157, 158, 159, 160, 161, 162, 163, 164, 165, 166, 167, 168, 169, 170, 171, 172, 173, 174, 175, 176, 177, 178, 179, 180, 181, 182, 183, 184, 185, 186, 187, 188, 189, 190, 191, 192, 193, 194, 195, 196, 197, 198, 199, 201, 203, 204, 206, 207, 209, 210, 212, 213, 214, 215, 216, 217, 218, 220, 221, 222, 224, 225, 226, 227, 229, 230, 231, 232, 233, 235, 236, 238, 239, 240, 241, 242, 243, 245, 246, 247, 248, 249, 250, 251, 252, 254, 255, 256, 257, 258, 260, 261, 262, 263, 264, 266, 267, 268, 269, 270, 271, 273, 274, 275, 277, 278, 279, 280, 281, 282, 283, 285, 286, 287, 288, 289, 290, 291, 293, 294, 295, 296, 297, 298, 300, 301, 302, 303, 304, 306, 307, 308, 309, 310, 311, 313, 314, 315, 316, 317, 318, 320, 321, 322, 323, 324, 325, 327, 328, 329, 330, 331, 333, 334, 335, 336, 337, 338, 340, 341, 342, 343, 344, 346, 347, 348, 349, 350, 352, 353, 354, 355, 356, 358, 359, 360, 361, 362, 363, 365, 366, 367, 368, 369, 371, 372, 373, 374, 375, 377, 378, 379, 380, 382, 383, 384, 385, 387, 388, 389, 391, 392, 393, 395, 396, 397, 398, 399, 401, 402, 403, 404, 406, 407, 408, 409, 411, 412, 413, 414, 415, 417, 418, 419, 420, 422, 423, 424, 425, 427, 428, 429, 430, 431, 433, 434, 435, 436, 438, 439, 440, 441, 443, 444, 445, 446, 447, 449, 450, 451, 452, 453, 455, 456, 457, 458, 459, 461, 462, 463, 464, 465, 467, 468, 469, 470, 471, 473, 474, 475, 476, 478, 479, 480, 481, 483, 484, 485, 486, 487, 489, 490, 491, 493, 494, 495, 496, 498, 499, 500, 501, 503, 504, 505, 507, 508, 509, 511, 512, 513, 514, 515, 517, 518, 519, 520, 521, 522, 523, 525, 526, 527, 528, 529, 530, 532, 533, 534, 535, 536, 537, 538, 540, 541, 542, 543, 544, 545, 547, 548, 549, 550, 551, 553, 554, 555, 556, 557, 558, 560, 561, 562, 563, 564, 566, 567, 568, 569, 570, 572, 573, 574, 575, 576, 577, 579, 580, 581, 582, 583, 585, 586, 587, 588, 589, 590, 591, 593, 594, 595, 596, 597, 598, 600, 601, 602, 603, 604, 605, 607, 608, 609, 610, 611, 612, 614, 615, 616, 617, 618, 619, 620, 622, 623, 624, 625, 626, 628, 629, 630, 631, 632, 634, 635, 636, 637, 638, 639, 641, 642, 643, 644, 645, 646, 648, 649, 650, 651, 652, 653, 654, 656, 657, 658, 659, 660, 661, 662, 664, 665, 666, 667, 668, 669, 670, 672, 673, 674, 675, 676, 678, 679, 680, 681, 682, 683, 685, 686, 687, 688, 689, 690, 692, 693, 694, 695, 696, 697, 698, 700, 701, 702, 703, 704, 705, 706, 707, 709, 710, 711, 712, 713, 714, 715, 717, 718, 719, 720, 721, 722, 723, 725, 726, 727, 728, 729, 730, 731, 733, 734, 735, 736, 737, 738, 739, 740, 742, 743, 744, 745, 746, 747, 748, 749, 750, 752, 753, 754, 755, 756, 757, 758, 760, 761, 762, 763, 764, 765, 766, 767, 769, 770, 771, 772, 773, 774, 775, 777, 778, 779, 780, 781, 782, 783, 785, 786, 787, 788, 789, 790, 791, 792, 794, 795, 796, 797, 798, 799, 800, 802, 803, 804, 805, 806, 807, 808, 810, 811, 812, 813, 814, 816, 817, 818, 819, 820, 821, 822, 823, 825, 826, 827, 828, 829, 830, 832, 833, 834, 835, 836, 837, 838, 839, 840, 842, 843, 844, 845, 846, 847, 848, 849, 851, 852, 853, 854, 855, 856, 857, 858, 859, 861, 862, 863, 864, 865, 866, 867, 868, 870, 871, 872, 873, 874, 875, 876, 877, 879, 880, 881, 882, 883, 884, 885, 886, 887, 888, 890, 891, 892, 893, 894, 895, 896, 897, 898, 900, 901, 902, 903, 904, 905, 906, 907, 909, 910, 911, 912, 913, 914, 915, 917, 918, 919, 920, 921, 922, 923, 924, 925, 927, 928, 929, 930, 931, 932, 933, 934, 935, 937, 938, 939, 940, 941, 942, 943, 944, 945, 947, 948, 949, 950, 951, 952, 953, 954, 955, 956, 958, 959, 960, 961, 962, 963, 964, 965, 966, 968, 969, 970, 971, 972, 973, 974, 975, 977, 978, 979, 980, 981, 982, 983, 984, 985, 987, 988, 989, 990, 991, 992, 993, 994, 995, 997, 998, 999, 1000];
Distribution of found integer solutions:
int_sols=[1, 176, 184, 194, 197, 199, 201, 207, 209, 210, 212, 213, 214, 221, 227, 229, 233, 235, 238, 239, 240, 241, 242, 245, 246, 247, 250, 251, 256, 260, 261, 267, 270, 278, 279, 281, 282, 283, 285, 286, 288, 291, 293, 294, 296, 297, 298, 300, 301, 304, 306, 307, 308, 310, 311, 315, 316, 317, 318, 320, 321, 322, 323, 324, 325, 327, 328, 329, 333, 335, 338, 340, 341, 342, 343, 344, 346, 347, 348, 353, 354, 356, 358, 360, 362, 363, 366, 367, 368, 369, 372, 374, 375, 378, 380, 382, 385, 399, 403, 404, 406, 412, 413, 414, 415, 420, 422, 423, 424, 427, 429, 431, 433, 434, 435, 436, 438, 439, 444, 445, 446, 447, 449, 450, 451, 452, 453, 455, 456, 457, 458, 459, 468, 469, 474, 475, 476, 478, 479, 483, 484, 485, 487, 512, 513, 514, 515, 517, 518, 519, 520, 521, 523, 525, 526, 527, 528, 529, 530, 532, 535, 536, 538, 541, 545, 551, 553, 556, 572, 573, 576, 577, 579, 580, 581, 583, 588, 589, 593, 594, 595, 596, 597, 598, 600, 601, 604, 615, 616, 618, 619, 622, 636, 637, 641, 642, 649, 650, 651, 652, 653, 654, 657, 658, 660, 661, 662, 665, 666, 669, 672, 678, 679, 685, 686, 688, 690, 692, 694, 695, 701, 702, 703, 704, 705, 718, 719, 720, 721, 722, 723, 725, 726, 733, 734, 735, 736, 739, 740, 742, 743, 744, 745, 747, 748, 749, 752, 753, 754, 755, 756, 757, 758, 760, 761, 762, 763, 764, 765, 766, 767, 777, 778, 779, 780, 781, 782, 783, 785, 787, 789, 791, 792, 794, 807, 808, 821, 822, 823, 825, 826, 827, 830, 832, 833, 836, 837, 840, 842, 843, 844, 845, 846, 849, 851, 852, 853, 854, 855, 857, 870, 873, 874, 875, 876, 877, 879, 880, 881, 885, 887, 888, 890, 892, 894, 895, 898, 905, 907, 909, 912, 918, 919, 922, 923, 924, 925, 927, 930, 931, 932, 933, 934, 937, 938, 944, 947, 950, 951, 953, 955, 956, 958, 961, 962, 963, 964, 968, 969, 970, 972, 973, 977, 978, 980, 983, 984, 985, 987, 994, 995, 997, 998];
Distribution of found duplicates:
int_dupl=[2, 3, 4, 5, 6, 7, 8, 9, 10, 11, 12, 13, 14, 15, 16, 17, 18, 19, 20, 21, 22, 23, 24, 25, 26, 27, 28, 29, 30, 31, 32, 33, 34, 35, 36, 37, 38, 39, 40, 41, 42, 43, 44, 45, 46, 47, 48, 49, 50, 51, 52, 53, 54, 55, 56, 57, 58, 59, 60, 61, 62, 63, 64, 65, 66, 67, 68, 69, 70, 71, 72, 73, 74, 75, 76, 77, 78, 79, 80, 81, 82, 83, 84, 85, 86, 87, 88, 89, 90, 91, 92, 93, 94, 95, 96, 97, 98, 99, 100, 101, 102, 103, 104, 105, 106, 107, 108, 109, 110, 111, 112, 113, 114, 115, 116, 117, 118, 119, 120, 121, 122, 123, 124, 125, 126, 127, 128, 129, 130, 131, 132, 133, 134, 135, 136, 137, 138, 139, 140, 141, 142, 143, 144, 145, 146, 147, 148, 149, 150, 151, 152, 153, 154, 155, 156, 157, 158, 159, 160, 161, 162, 163, 164, 165, 166, 167, 168, 169, 170, 171, 172, 173, 174, 175, 177, 180, 183, 185, 186, 188, 189, 190, 192, 193, 195, 198, 215, 216, 217, 222, 225, 226, 230, 231, 248, 249, 257, 262, 263, 178, 179, 181, 182, 271, 187, 191, 196, 204, 254, 203, 206, 218, 224, 236, 264, 275, 313, 788, 243, 252, 258, 303, 428, 220, 373, 232, 289, 786, 302, 309, 314, 430, 886, 255, 266, 269, 277, 280, 287, 355, 379, 268, 731, 273, 334, 384, 389, 425, 290, 330, 397, 419, 935, 949, 274, 361, 687, 790, 295, 820, 544, 558, 398, 337, 349, 402, 407, 409, 359, 365, 371, 377, 387, 392, 395, 401, 417, 331, 336, 350, 522, 689, 352, 775, 554, 769, 771, 773, 537, 540, 547, 549, 952, 954, 989, 991, 993, 893, 900, 902, 904, 913, 915, 383, 388, 393, 396, 418, 948, 391, 408, 411, 770, 772, 774, 858, 861, 863, 865, 871, 945, 441, 440, 443, 664, 670, 673, 675, 682, 590, 486, 489, 491, 496, 501, 498, 461, 463, 848, 462, 464, 465, 467, 470, 473, 471, 480, 693, 730, 481, 495, 500, 505, 508, 511, 494, 499, 504, 507, 509, 591, 490, 493, 503, 585, 750, 586, 533, 834, 534, 835, 542, 543, 548, 550, 555, 557, 560, 562, 564, 569, 561, 563, 566, 570, 567, 568, 574, 575, 582, 587, 602, 623, 625, 628, 630, 632, 635, 605, 608, 609, 610, 611, 639, 612, 645, 614, 603, 624, 626, 629, 631, 634, 607, 617, 648, 646, 620, 638, 643, 644, 656, 659, 906, 667, 668, 683, 674, 676, 680, 681, 727, 729, 696, 698, 707, 710, 712, 714, 717, 697, 700, 706, 709, 711, 713, 715, 728, 737, 738, 746, 805, 819, 795, 797, 799, 802, 804, 806, 811, 813, 816, 818, 796, 798, 800, 803, 810, 812, 814, 817, 856, 828, 829, 838, 839, 847, 859, 862, 864, 866, 867, 868, 872, 882, 884, 883, 891, 897, 896, 903, 901, 914, 917, 910, 911, 920, 921, 928, 939, 941, 943, 929, 940, 942, 988, 990, 992, 959, 960, 965, 966, 979, 981, 971, 975, 974, 999, 1000, 982];

Decomposition solution:
Meaning of solution vector: [P   373 [k=1 v=0] gets set {3}, P   688 [k=1 v=0] gets set {34}, P  1057 [k=1 v=0] gets set {5}, P  1095 [k=1 v=0] gets set {2}, P  1445 [k=1 v=0] gets set {15}, P  1482 [k=1 v=0] gets set {32}, P  1489 [k=1 v=0] gets set {12}, P  1618 [k=1 v=0] gets set {31}, P  1637 [k=1 v=0] gets set {8}, P  1657 [k=1 v=0] gets set {33}, P  1726 [k=1 v=0] gets set {47}, P  1923 [k=1 v=0] gets set {34}, P  2280 [k=1 v=0] gets set {3}, P  2297 [k=1 v=0] gets set {6}, P  3076 [k=1 v=0] gets set {23}, P  3289 [k=1 v=0] gets set {5}, P  3859 [k=1 v=0] gets set {36}, P  4683 [k=1 v=0] gets set {29}, P  4706 [k=1 v=0] gets set {17}, P  4734 [k=1 v=0] gets set {16}, P  4824 [k=1 v=0] gets set {13}, P  4963 [k=1 v=0] gets set {14}, P  5198 [k=1 v=0] gets set {1}, P  5215 [k=1 v=0] gets set {10}, P  5245 [k=1 v=0] gets set {58}, P  5283 [k=1 v=0] gets set {11}, P  5606 [k=1 v=0] gets set {2}, P  5609 [k=1 v=0] gets set {25}, P  5693 [k=1 v=0] gets set {13}, P  5788 [k=1 v=0] gets set {6}, P  6001 [k=1 v=0] gets set {39}, P  6012 [k=1 v=0] gets set {29}, P  6382 [k=1 v=0] gets set {1}, P  6657 [k=1 v=0] gets set {25}, P  7006 [k=1 v=0] gets set {1}, P  7111 [k=1 v=0] gets set {34}, P  7378 [k=1 v=0] gets set {5}, P  7563 [k=1 v=0] gets set {6}, P  7583 [k=1 v=0] gets set {38}, P  7683 [k=1 v=0] gets set {11}, P  7810 [k=1 v=0] gets set {9}, P  7847 [k=1 v=0] gets set {18}, P  7962 [k=1 v=0] gets set {14}, P  7967 [k=1 v=0] gets set {16}, P  8113 [k=1 v=0] gets set {25}, P  8201 [k=1 v=0] gets set {1}, P  8239 [k=1 v=0] gets set {23}, P  8246 [k=1 v=0] gets set {2}, P  8331 [k=1 v=0] gets set {1}, P  8967 [k=1 v=0] gets set {12}, P  9034 [k=1 v=0] gets set {15}, P  9060 [k=1 v=0] gets set {12}, P  9118 [k=1 v=0] gets set {49}, P  9294 [k=1 v=0] gets set {7}, P  9487 [k=1 v=0] gets set {14}, P  9520 [k=1 v=0] gets set {32}, P  9858 [k=1 v=0] gets set {14}, P  9899 [k=1 v=0] gets set {23}]
Probabilities and corresponding integer solution:
lambda_15 = 0.065217 and welfare = 14143.479653 and x_l = [1, 1, 1, 1, 1, 1, 1, 1, 1, 1, 1, 1, 1, 1, 0, 1, 1, 1, 1, 1, 1, 1, 1, 1, 1, 1, 1, 1, 1, 1, 1, 1, 1, 1, 1, 1, 1, 1, 1, 1, 1, 1, 1, 1, 1, 1, 1, 1, 1, 1, 1, 1, 1, 0, 1, 1, 1, 1]
lambda_39 = 0.032609 and welfare = 13101.985941 and x_l = [1, 1, 1, 1, 1, 1, 1, 1, 1, 1, 1, 1, 1, 1, 0, 1, 1, 1, 1, 1, 1, 1, 1, 1, 1, 1, 1, 1, 1, 1, 1, 1, 1, 1, 1, 1, 1, 1, 1, 1, 1, 1, 1, 1, 0, 0, 1, 1, 1, 1, 1, 1, 1, 1, 1, 0, 1, 0]
lambda_147 = 0.233696 and welfare = 1540.805243 and x_l = [0, 0, 0, 0, 0, 0, 0, 0, 0, 0, 0, 0, 0, 0, 0, 0, 0, 0, 0, 0, 0, 0, 0, 0, 0, 0, 0, 0, 0, 0, 0, 0, 0, 0, 0, 0, 0, 0, 0, 0, 0, 0, 0, 0, 1, 1, 0, 0, 0, 0, 1, 1, 1, 1, 0, 0, 0, 0]
lambda_236 = 0.032609 and welfare = 1127.744767 and x_l = [0, 0, 0, 0, 0, 0, 0, 0, 0, 0, 0, 0, 0, 0, 0, 0, 0, 0, 0, 0, 0, 0, 0, 0, 0, 0, 0, 0, 0, 0, 0, 0, 0, 0, 0, 0, 0, 0, 0, 0, 0, 0, 0, 0, 0, 0, 1, 1, 1, 1, 0, 0, 0, 1, 0, 1, 0, 0]
lambda_255 = 0.168478 and welfare = 1357.075493 and x_l = [0, 0, 0, 0, 0, 0, 0, 0, 0, 0, 0, 0, 0, 0, 0, 0, 0, 0, 0, 0, 0, 0, 0, 0, 0, 0, 0, 0, 0, 0, 0, 0, 0, 0, 0, 0, 0, 0, 0, 0, 0, 0, 0, 0, 1, 1, 0, 0, 0, 0, 0, 0, 0, 1, 1, 1, 1, 0]
lambda_259 = 0.032609 and welfare = 13157.251556 and x_l = [1, 1, 1, 1, 1, 1, 1, 1, 1, 1, 1, 1, 1, 1, 0, 1, 1, 1, 1, 1, 1, 1, 1, 1, 1, 1, 1, 1, 1, 1, 1, 1, 1, 1, 1, 1, 1, 1, 1, 1, 1, 1, 1, 1, 1, 1, 0, 0, 0, 0, 1, 1, 1, 1, 0, 1, 1, 0]
lambda_261 = 0.233696 and welfare = 12047.341928 and x_l = [1, 1, 1, 1, 1, 1, 1, 1, 1, 1, 1, 1, 1, 1, 0, 1, 1, 1, 1, 1, 1, 1, 1, 1, 1, 1, 1, 1, 1, 1, 1, 1, 1, 1, 1, 1, 1, 1, 1, 1, 1, 1, 1, 1, 0, 0, 1, 1, 1, 1, 0, 0, 0, 0, 1, 0, 0, 1]
lambda_271 = 0.065217 and welfare = 1294.458640 and x_l = [0, 0, 0, 0, 0, 0, 0, 0, 0, 0, 0, 0, 0, 0, 1, 0, 0, 0, 0, 0, 0, 0, 0, 0, 0, 0, 0, 0, 0, 0, 0, 0, 0, 0, 0, 0, 0, 0, 0, 0, 0, 0, 0, 0, 0, 0, 0, 0, 0, 0, 0, 0, 0, 0, 0, 1, 1, 1]
lambda_302 = 0.135870 and welfare = 13555.374781 and x_l = [1, 1, 1, 1, 1, 1, 1, 1, 1, 1, 1, 1, 1, 1, 0, 1, 1, 1, 1, 1, 1, 1, 1, 1, 1, 1, 1, 1, 1, 1, 1, 1, 1, 1, 1, 1, 1, 1, 1, 1, 1, 1, 1, 1, 0, 0, 1, 1, 1, 1, 1, 1, 1, 0, 0, 1, 1, 1]
lambda_else = 0
Using 9 out of 363 integer solutions.
Expected social welfare: 7145.767344
Objective value of primal LP: 1.000000


