Analysis results no. 14

Ellipsoid method stopped in iteration 1000 because reached N.
Ellipsoid parameters: cut=deep; eps=0.000000; N=1000; R=7.681146.
Ellipsoid performance: runtime=321.825669 sec.; constraint-cuts=703.

First iteration in which primal was feasible: 6.
In total 63 integer solutions where found, whereas 7 where used by primal.

Solution quality:
Expected social welfare=7145.767344
Absolute deviation=5793.166531
Variance=34062899.744080
Standard deviation=5836.343011
Coefficient of variation=0.816755

Distribution of constraint cuts:
cons_cuts=[2, 4, 6, 9, 12, 14, 16, 19, 22, 24, 26, 29, 31, 33, 36, 39, 41, 43, 46, 49, 51, 53, 56, 58, 60, 63, 65, 67, 70, 72, 73, 76, 78, 80, 83, 85, 87, 90, 92, 93, 96, 97, 100, 102, 104, 107, 109, 110, 113, 114, 116, 118, 120, 122, 124, 126, 128, 130, 132, 134, 136, 138, 140, 142, 144, 146, 148, 149, 151, 153, 155, 157, 159, 161, 162, 164, 166, 168, 170, 172, 174, 176, 177, 179, 181, 183, 185, 186, 188, 190, 192, 193, 196, 197, 199, 201, 202, 204, 206, 208, 210, 211, 213, 215, 217, 219, 221, 222, 223, 224, 226, 227, 228, 229, 231, 232, 233, 235, 236, 237, 238, 240, 241, 242, 244, 245, 246, 248, 249, 251, 252, 253, 255, 256, 258, 259, 261, 262, 264, 265, 266, 268, 269, 270, 272, 273, 275, 276, 278, 279, 280, 282, 284, 285, 287, 288, 289, 291, 292, 294, 295, 297, 298, 300, 301, 303, 305, 306, 308, 309, 310, 312, 313, 315, 316, 318, 319, 321, 323, 324, 326, 327, 329, 331, 332, 334, 335, 337, 339, 340, 342, 344, 345, 347, 348, 350, 352, 353, 355, 357, 359, 360, 361, 363, 364, 365, 367, 368, 369, 371, 372, 373, 375, 376, 378, 379, 380, 382, 383, 385, 386, 387, 389, 390, 392, 393, 394, 396, 397, 399, 400, 402, 403, 405, 406, 407, 408, 409, 410, 411, 412, 413, 414, 416, 417, 418, 419, 420, 421, 422, 423, 424, 426, 427, 428, 429, 430, 431, 432, 433, 435, 436, 437, 438, 439, 440, 442, 443, 444, 445, 446, 447, 449, 450, 451, 452, 453, 455, 456, 457, 458, 460, 461, 462, 463, 465, 467, 468, 469, 470, 472, 473, 474, 475, 477, 478, 479, 480, 482, 483, 484, 485, 487, 488, 489, 491, 492, 494, 495, 497, 498, 500, 501, 502, 503, 504, 505, 506, 507, 508, 509, 511, 512, 513, 514, 515, 516, 517, 518, 519, 520, 522, 523, 524, 525, 526, 527, 528, 530, 531, 532, 533, 534, 535, 536, 537, 539, 540, 541, 542, 543, 544, 546, 547, 548, 549, 550, 552, 553, 554, 555, 556, 557, 559, 560, 561, 562, 564, 565, 566, 567, 569, 570, 571, 572, 573, 575, 576, 577, 578, 580, 581, 582, 583, 585, 586, 587, 588, 590, 591, 592, 593, 595, 596, 597, 598, 600, 601, 602, 604, 605, 606, 607, 609, 610, 611, 612, 614, 615, 616, 618, 619, 620, 622, 623, 624, 626, 627, 628, 630, 631, 633, 634, 635, 637, 638, 639, 641, 642, 644, 645, 646, 648, 650, 651, 652, 653, 654, 656, 657, 658, 659, 660, 662, 663, 664, 665, 667, 668, 669, 671, 672, 673, 675, 676, 677, 678, 680, 681, 682, 683, 685, 686, 687, 688, 690, 691, 692, 694, 695, 696, 698, 699, 700, 702, 703, 704, 706, 707, 708, 709, 711, 712, 713, 714, 716, 717, 718, 720, 721, 722, 723, 725, 726, 727, 729, 730, 731, 732, 734, 735, 736, 737, 739, 740, 742, 743, 744, 746, 747, 748, 749, 751, 752, 754, 755, 756, 757, 759, 760, 761, 762, 763, 765, 766, 767, 768, 770, 771, 772, 773, 775, 776, 777, 778, 780, 781, 782, 784, 785, 786, 787, 789, 790, 791, 793, 794, 795, 797, 798, 799, 800, 801, 803, 804, 805, 806, 808, 809, 810, 811, 813, 814, 815, 817, 818, 819, 820, 822, 823, 824, 825, 827, 828, 829, 831, 832, 833, 834, 836, 837, 838, 839, 841, 842, 843, 845, 846, 847, 848, 850, 851, 852, 853, 855, 856, 857, 859, 860, 861, 863, 864, 865, 867, 868, 869, 871, 872, 873, 874, 876, 877, 878, 880, 881, 882, 884, 885, 886, 888, 889, 890, 892, 893, 895, 896, 897, 899, 900, 902, 903, 905, 906, 907, 909, 910, 912, 913, 914, 915, 917, 918, 919, 920, 922, 923, 924, 925, 927, 928, 929, 931, 932, 933, 935, 936, 937, 939, 940, 941, 943, 944, 946, 947, 948, 949, 951, 952, 953, 954, 956, 957, 958, 960, 961, 962, 963, 965, 966, 967, 969, 970, 971, 973, 974, 975, 977, 978, 979, 981, 982, 984, 985, 986, 988, 989, 991, 992, 994, 995, 996, 998, 999];
Distribution of found integer solutions:
int_sols=[2, 4, 6, 22, 24, 31, 92, 221, 222, 223, 227, 241, 259, 264, 297, 405, 406, 407, 409, 410, 411, 414, 428, 436, 451, 461, 487, 500, 501, 502, 503, 505, 507, 531, 532, 533, 542, 543, 544, 546, 552, 553, 562, 581, 596, 604, 619, 706, 708, 709, 713, 721, 735, 747, 765, 766, 777, 795, 811, 818, 845, 877, 954];
Distribution of found duplicates:
int_dupl=[130, 148, 287, 331, 339, 352, 851, 14, 72, 78, 109, 116, 120, 124, 128, 149, 153, 157, 177, 181, 185, 256, 279, 282, 285, 300, 303, 318, 321, 326, 329, 334, 337, 342, 347, 350, 355, 463, 847, 850, 9, 12, 16, 19, 70, 73, 76, 80, 93, 107, 110, 114, 118, 122, 126, 151, 155, 159, 179, 183, 186, 255, 258, 280, 284, 298, 301, 305, 319, 323, 327, 332, 335, 340, 344, 348, 353, 357, 462, 465, 846, 848, 26, 29, 33, 36, 39, 43, 46, 49, 53, 56, 60, 63, 67, 83, 87, 90, 97, 100, 104, 132, 136, 140, 144, 162, 166, 170, 174, 190, 193, 197, 201, 204, 208, 213, 217, 387, 390, 394, 397, 402, 489, 492, 497, 668, 671, 65, 176, 199, 210, 392, 399, 494, 672, 41, 51, 58, 85, 96, 102, 134, 138, 142, 146, 164, 168, 172, 192, 196, 202, 206, 211, 215, 219, 386, 389, 393, 396, 400, 403, 488, 491, 495, 498, 669, 113, 161, 188, 306, 324, 345, 359, 467, 265, 278, 376, 667, 770, 224, 229, 232, 235, 237, 240, 242, 245, 248, 251, 261, 308, 310, 313, 360, 363, 365, 825, 831, 853, 856, 920, 923, 927, 929, 933, 937, 940, 944, 226, 228, 231, 233, 236, 238, 244, 246, 249, 252, 266, 309, 312, 315, 361, 364, 564, 829, 852, 855, 857, 919, 922, 925, 928, 932, 935, 939, 943, 946, 253, 316, 859, 936, 947, 367, 832, 924, 931, 941, 262, 269, 272, 275, 289, 292, 295, 368, 371, 373, 378, 380, 383, 659, 662, 664, 761, 268, 270, 273, 276, 288, 291, 294, 369, 372, 375, 379, 382, 660, 663, 665, 755, 763, 385, 762, 427, 450, 477, 658, 680, 408, 435, 437, 479, 482, 484, 597, 600, 602, 843, 440, 443, 445, 447, 469, 653, 656, 675, 677, 951, 953, 452, 455, 457, 460, 756, 759, 820, 823, 913, 915, 412, 417, 419, 421, 423, 426, 430, 432, 468, 473, 475, 714, 717, 720, 723, 726, 413, 416, 418, 420, 422, 424, 429, 431, 433, 472, 474, 716, 718, 722, 725, 727, 439, 729, 442, 444, 446, 449, 470, 652, 654, 657, 673, 676, 678, 949, 952, 438, 478, 480, 483, 485, 598, 601, 453, 456, 458, 757, 760, 822, 912, 914, 917, 824, 571, 611, 638, 650, 561, 582, 585, 587, 591, 593, 841, 504, 506, 508, 511, 513, 515, 517, 519, 522, 524, 526, 528, 651, 681, 683, 686, 690, 692, 696, 699, 703, 948, 957, 960, 963, 966, 970, 974, 977, 981, 985, 988, 992, 996, 554, 556, 559, 730, 732, 736, 739, 743, 746, 749, 752, 518, 530, 687, 694, 700, 961, 967, 978, 989, 994, 509, 512, 514, 516, 520, 523, 525, 527, 682, 685, 688, 691, 695, 698, 702, 704, 956, 958, 962, 965, 969, 971, 975, 979, 982, 986, 991, 995, 998, 549, 566, 569, 606, 609, 612, 615, 618, 622, 624, 628, 631, 635, 639, 642, 646, 534, 536, 539, 541, 565, 573, 576, 578, 798, 800, 803, 806, 809, 828, 834, 837, 860, 863, 867, 869, 886, 890, 893, 897, 902, 906, 909, 535, 537, 540, 572, 575, 577, 799, 801, 808, 810, 827, 833, 836, 861, 864, 868, 885, 888, 892, 896, 899, 903, 907, 580, 804, 838, 871, 895, 910, 550, 567, 570, 605, 607, 610, 614, 616, 620, 623, 627, 630, 634, 637, 641, 645, 648, 547, 805, 814, 817, 548, 813, 815, 555, 557, 560, 707, 731, 734, 737, 740, 744, 748, 751, 588, 583, 586, 590, 592, 595, 797, 839, 842, 626, 633, 644, 973, 984, 999, 711, 873, 876, 880, 882, 712, 872, 874, 878, 881, 742, 754, 767, 771, 773, 776, 780, 782, 786, 789, 793, 768, 772, 775, 778, 781, 785, 787, 791, 794, 819, 784, 790, 865, 889, 900, 905, 918, 884];

Decomposition solution:
Meaning of solution vector: [P   373 [k=1 v=0] gets set {3}, P   688 [k=1 v=0] gets set {34}, P  1057 [k=1 v=0] gets set {5}, P  1095 [k=1 v=0] gets set {2}, P  1445 [k=1 v=0] gets set {15}, P  1482 [k=1 v=0] gets set {32}, P  1489 [k=1 v=0] gets set {12}, P  1618 [k=1 v=0] gets set {31}, P  1637 [k=1 v=0] gets set {8}, P  1657 [k=1 v=0] gets set {33}, P  1726 [k=1 v=0] gets set {47}, P  1923 [k=1 v=0] gets set {34}, P  2280 [k=1 v=0] gets set {3}, P  2297 [k=1 v=0] gets set {6}, P  3076 [k=1 v=0] gets set {23}, P  3289 [k=1 v=0] gets set {5}, P  3859 [k=1 v=0] gets set {36}, P  4683 [k=1 v=0] gets set {29}, P  4706 [k=1 v=0] gets set {17}, P  4734 [k=1 v=0] gets set {16}, P  4824 [k=1 v=0] gets set {13}, P  4963 [k=1 v=0] gets set {14}, P  5198 [k=1 v=0] gets set {1}, P  5215 [k=1 v=0] gets set {10}, P  5245 [k=1 v=0] gets set {58}, P  5283 [k=1 v=0] gets set {11}, P  5606 [k=1 v=0] gets set {2}, P  5609 [k=1 v=0] gets set {25}, P  5693 [k=1 v=0] gets set {13}, P  5788 [k=1 v=0] gets set {6}, P  6001 [k=1 v=0] gets set {39}, P  6012 [k=1 v=0] gets set {29}, P  6382 [k=1 v=0] gets set {1}, P  6657 [k=1 v=0] gets set {25}, P  7006 [k=1 v=0] gets set {1}, P  7111 [k=1 v=0] gets set {34}, P  7378 [k=1 v=0] gets set {5}, P  7563 [k=1 v=0] gets set {6}, P  7583 [k=1 v=0] gets set {38}, P  7683 [k=1 v=0] gets set {11}, P  7810 [k=1 v=0] gets set {9}, P  7847 [k=1 v=0] gets set {18}, P  7962 [k=1 v=0] gets set {14}, P  7967 [k=1 v=0] gets set {16}, P  8113 [k=1 v=0] gets set {25}, P  8201 [k=1 v=0] gets set {1}, P  8239 [k=1 v=0] gets set {23}, P  8246 [k=1 v=0] gets set {2}, P  8331 [k=1 v=0] gets set {1}, P  8967 [k=1 v=0] gets set {12}, P  9034 [k=1 v=0] gets set {15}, P  9060 [k=1 v=0] gets set {12}, P  9118 [k=1 v=0] gets set {49}, P  9294 [k=1 v=0] gets set {7}, P  9487 [k=1 v=0] gets set {14}, P  9520 [k=1 v=0] gets set {32}, P  9858 [k=1 v=0] gets set {14}, P  9899 [k=1 v=0] gets set {23}]
Probabilities and corresponding integer solution:
lambda_5 = 0.157609 and welfare = 0.000000 and x_l = [0, 0, 0, 0, 0, 0, 0, 0, 0, 0, 0, 0, 0, 0, 0, 0, 0, 0, 0, 0, 0, 0, 0, 0, 0, 0, 0, 0, 0, 0, 0, 0, 0, 0, 0, 0, 0, 0, 0, 0, 0, 0, 0, 0, 0, 0, 0, 0, 0, 0, 0, 0, 0, 0, 0, 0, 0, 0]
lambda_23 = 0.157609 and welfare = 12952.239847 and x_l = [1, 1, 1, 1, 1, 1, 1, 1, 1, 1, 1, 1, 1, 1, 0, 1, 1, 1, 1, 1, 1, 1, 1, 1, 1, 1, 1, 1, 1, 1, 1, 1, 1, 1, 1, 1, 1, 1, 1, 1, 1, 1, 1, 1, 1, 1, 1, 1, 1, 1, 1, 1, 1, 0, 0, 0, 0, 0]
lambda_27 = 0.065217 and welfare = 13889.273414 and x_l = [1, 1, 1, 1, 1, 1, 1, 1, 1, 1, 1, 1, 1, 1, 1, 1, 1, 1, 1, 1, 1, 1, 1, 1, 1, 1, 1, 1, 1, 1, 1, 1, 1, 1, 1, 1, 1, 1, 1, 1, 1, 1, 1, 1, 1, 1, 1, 1, 1, 1, 1, 1, 0, 1, 1, 1, 1, 1]
lambda_28 = 0.342391 and welfare = 1975.226583 and x_l = [0, 0, 0, 0, 0, 0, 0, 0, 0, 0, 0, 0, 0, 0, 0, 0, 0, 0, 0, 0, 0, 0, 0, 0, 0, 0, 0, 0, 0, 0, 0, 0, 0, 0, 0, 0, 0, 0, 0, 0, 0, 0, 0, 0, 0, 0, 0, 0, 0, 0, 0, 0, 1, 1, 1, 1, 1, 1]
lambda_35 = 0.092391 and welfare = 12594.814773 and x_l = [1, 1, 1, 1, 1, 1, 1, 1, 1, 1, 1, 1, 1, 1, 0, 1, 1, 1, 1, 1, 1, 1, 1, 1, 1, 1, 1, 1, 1, 1, 1, 1, 1, 1, 1, 1, 1, 1, 1, 1, 1, 1, 1, 1, 1, 1, 1, 1, 1, 1, 1, 1, 0, 1, 1, 0, 0, 0]
lambda_41 = 0.092391 and welfare = 12937.223691 and x_l = [1, 1, 1, 1, 1, 1, 1, 1, 1, 1, 1, 1, 1, 1, 0, 1, 1, 1, 1, 1, 1, 1, 1, 1, 1, 1, 1, 1, 1, 1, 1, 1, 1, 1, 1, 1, 1, 1, 1, 1, 1, 1, 1, 1, 1, 1, 1, 1, 1, 1, 1, 1, 0, 0, 0, 1, 1, 0]
lambda_54 = 0.092391 and welfare = 12591.236829 and x_l = [1, 1, 1, 1, 1, 1, 1, 1, 1, 1, 1, 1, 1, 1, 0, 1, 1, 1, 1, 1, 1, 1, 1, 1, 1, 1, 1, 1, 1, 1, 1, 1, 1, 1, 1, 1, 1, 1, 1, 1, 1, 1, 1, 1, 1, 1, 1, 1, 1, 1, 1, 1, 0, 0, 0, 0, 0, 1]
lambda_else = 0
Using 7 out of 63 integer solutions.
Expected social welfare: 7145.767344
Objective value of primal LP: 1.000000


