Analysis results no. 6

Ellipsoid method stopped in iteration 1000 because reached N.
Ellipsoid parameters: cut=shallow; eps=0.000000; N=1000; R=7.681146.
Ellipsoid performance: runtime=363.471230 sec.; constraint-cuts=537.

First iteration in which primal was feasible: 5.
In total 36 integer solutions where found, whereas 6 where used by primal.

Solution quality:
Expected social welfare=7145.767344
Absolute deviation=6636.476922
Variance=44180846.829143
Standard deviation=6646.867445
Coefficient of variation=0.930182

Distribution of constraint cuts:
cons_cuts=[2, 3, 5, 7, 9, 11, 13, 15, 17, 19, 21, 23, 25, 27, 29, 31, 33, 35, 37, 39, 41, 43, 45, 47, 48, 50, 52, 54, 56, 58, 60, 62, 64, 66, 68, 70, 72, 74, 75, 76, 78, 79, 81, 83, 85, 87, 89, 91, 93, 95, 97, 98, 100, 102, 104, 106, 108, 110, 112, 114, 116, 118, 120, 122, 124, 126, 128, 130, 132, 134, 136, 138, 139, 141, 143, 145, 147, 148, 149, 151, 152, 154, 156, 158, 160, 162, 164, 166, 168, 170, 172, 174, 176, 177, 179, 181, 183, 185, 187, 189, 191, 193, 195, 197, 199, 201, 203, 205, 207, 209, 211, 213, 215, 217, 219, 221, 222, 224, 225, 226, 228, 230, 231, 233, 235, 237, 239, 241, 243, 245, 247, 249, 251, 253, 255, 257, 259, 261, 263, 265, 267, 269, 270, 272, 274, 276, 278, 280, 282, 284, 286, 288, 290, 292, 294, 295, 297, 298, 299, 301, 303, 305, 306, 308, 310, 312, 314, 316, 318, 320, 322, 324, 326, 328, 330, 332, 334, 336, 338, 339, 341, 343, 345, 347, 349, 351, 353, 355, 357, 359, 361, 363, 364, 366, 367, 369, 370, 372, 373, 375, 377, 379, 381, 383, 385, 387, 389, 391, 393, 395, 397, 399, 401, 402, 404, 406, 408, 410, 412, 414, 416, 418, 420, 422, 424, 426, 428, 430, 431, 433, 434, 436, 437, 438, 440, 442, 444, 446, 448, 450, 452, 454, 456, 458, 460, 462, 463, 465, 467, 469, 471, 473, 475, 477, 479, 481, 483, 485, 487, 489, 491, 493, 494, 496, 498, 500, 502, 504, 505, 507, 508, 509, 511, 513, 515, 517, 518, 520, 522, 524, 526, 528, 530, 532, 534, 536, 538, 540, 542, 544, 546, 548, 550, 552, 554, 556, 557, 559, 561, 563, 565, 567, 569, 571, 573, 575, 576, 578, 580, 581, 582, 584, 586, 587, 589, 591, 593, 595, 597, 599, 601, 603, 605, 607, 609, 610, 612, 614, 616, 618, 620, 622, 624, 626, 628, 630, 632, 634, 636, 638, 639, 641, 643, 645, 647, 649, 651, 652, 654, 655, 657, 658, 660, 661, 663, 665, 667, 669, 671, 673, 675, 677, 679, 681, 682, 684, 686, 688, 690, 692, 694, 696, 698, 700, 702, 704, 706, 708, 710, 711, 713, 715, 717, 719, 720, 722, 724, 725, 726, 728, 730, 731, 733, 735, 737, 739, 741, 743, 745, 747, 749, 751, 752, 754, 756, 758, 760, 762, 764, 766, 768, 770, 771, 773, 775, 777, 779, 781, 783, 785, 787, 789, 790, 792, 794, 795, 797, 798, 800, 801, 803, 805, 807, 808, 810, 812, 814, 816, 818, 820, 822, 824, 826, 828, 830, 831, 833, 835, 837, 839, 841, 843, 845, 847, 849, 851, 853, 854, 856, 858, 860, 862, 863, 865, 867, 868, 870, 871, 873, 875, 876, 878, 880, 882, 884, 886, 887, 889, 891, 893, 895, 897, 899, 901, 903, 905, 907, 909, 911, 913, 914, 916, 918, 920, 922, 924, 926, 928, 930, 932, 934, 935, 937, 939, 941, 942, 944, 946, 947, 949, 950, 952, 954, 955, 957, 959, 961, 963, 964, 966, 968, 970, 972, 974, 976, 978, 980, 982, 984, 986, 988, 990, 991, 993, 995, 997, 999];
Distribution of found integer solutions:
int_sols=[2, 3, 5, 13, 33, 48, 50, 52, 75, 108, 132, 139, 141, 147, 149, 151, 298, 334, 372, 373, 389, 402, 404, 408, 477, 479, 616, 618, 752, 754, 837, 878, 880, 941, 959, 991];
Distribution of found duplicates:
int_dupl=[17, 66, 85, 102, 118, 239, 255, 286, 322, 338, 355, 422, 458, 491, 605, 622, 638, 737, 768, 785, 805, 822, 891, 907, 922, 976, 98, 301, 369, 463, 494, 610, 639, 682, 724, 794, 808, 7, 9, 11, 100, 104, 106, 280, 318, 351, 465, 467, 469, 471, 496, 498, 500, 502, 530, 612, 614, 641, 643, 645, 681, 684, 686, 688, 690, 735, 810, 812, 814, 816, 15, 19, 21, 23, 25, 27, 29, 31, 35, 37, 39, 41, 43, 45, 47, 58, 60, 62, 64, 68, 70, 72, 87, 89, 91, 93, 95, 97, 110, 112, 114, 116, 120, 122, 124, 126, 128, 130, 134, 136, 138, 160, 162, 164, 166, 168, 170, 172, 174, 176, 179, 181, 183, 185, 187, 189, 191, 193, 195, 197, 199, 201, 203, 205, 207, 209, 211, 213, 215, 217, 219, 233, 235, 237, 241, 243, 245, 247, 249, 251, 253, 257, 259, 261, 263, 265, 267, 278, 282, 284, 288, 290, 292, 312, 314, 316, 320, 324, 326, 328, 330, 332, 336, 347, 349, 353, 357, 359, 361, 381, 383, 385, 387, 391, 393, 395, 397, 399, 401, 412, 414, 416, 418, 420, 424, 426, 428, 446, 448, 450, 452, 454, 456, 460, 462, 473, 481, 483, 485, 487, 489, 493, 513, 515, 517, 520, 522, 524, 526, 528, 532, 534, 536, 538, 540, 542, 544, 546, 548, 550, 565, 567, 569, 571, 573, 591, 593, 595, 597, 599, 601, 603, 607, 609, 620, 624, 626, 628, 630, 632, 634, 636, 647, 649, 667, 669, 671, 673, 675, 677, 679, 692, 694, 696, 698, 700, 702, 710, 739, 741, 743, 745, 747, 749, 762, 764, 766, 770, 779, 781, 783, 787, 807, 818, 824, 830, 839, 845, 847, 849, 851, 886, 889, 893, 897, 899, 901, 903, 905, 909, 911, 913, 926, 928, 930, 934, 966, 968, 970, 972, 974, 978, 980, 982, 986, 988, 990, 999, 269, 475, 853, 74, 270, 305, 54, 56, 76, 81, 83, 272, 274, 308, 310, 78, 79, 148, 152, 177, 224, 225, 226, 231, 297, 306, 366, 370, 433, 436, 437, 508, 511, 518, 580, 581, 587, 654, 663, 725, 731, 800, 803, 867, 875, 887, 946, 954, 964, 158, 276, 552, 704, 826, 841, 924, 294, 339, 771, 143, 145, 156, 295, 341, 773, 775, 858, 221, 363, 430, 440, 504, 575, 584, 651, 660, 719, 789, 831, 854, 935, 154, 222, 228, 230, 299, 303, 364, 367, 375, 377, 379, 431, 434, 438, 444, 505, 509, 576, 578, 582, 586, 652, 655, 658, 661, 665, 717, 720, 722, 726, 730, 733, 790, 792, 795, 798, 801, 833, 835, 856, 937, 507, 657, 343, 345, 777, 920, 442, 589, 939, 557, 711, 728, 797, 406, 751, 873, 862, 870, 410, 860, 863, 865, 868, 871, 876, 559, 561, 563, 713, 715, 554, 706, 760, 828, 843, 895, 932, 984, 556, 708, 820, 942, 944, 947, 950, 952, 955, 756, 758, 914, 957, 882, 884, 916, 918, 961, 963, 993, 995, 997, 949];

Decomposition solution:
Meaning of solution vector: [P   373 [k=1 v=0] gets set {3}, P   688 [k=1 v=0] gets set {34}, P  1057 [k=1 v=0] gets set {5}, P  1095 [k=1 v=0] gets set {2}, P  1445 [k=1 v=0] gets set {15}, P  1482 [k=1 v=0] gets set {32}, P  1489 [k=1 v=0] gets set {12}, P  1618 [k=1 v=0] gets set {31}, P  1637 [k=1 v=0] gets set {8}, P  1657 [k=1 v=0] gets set {33}, P  1726 [k=1 v=0] gets set {47}, P  1923 [k=1 v=0] gets set {34}, P  2280 [k=1 v=0] gets set {3}, P  2297 [k=1 v=0] gets set {6}, P  3076 [k=1 v=0] gets set {23}, P  3289 [k=1 v=0] gets set {5}, P  3859 [k=1 v=0] gets set {36}, P  4683 [k=1 v=0] gets set {29}, P  4706 [k=1 v=0] gets set {17}, P  4734 [k=1 v=0] gets set {16}, P  4824 [k=1 v=0] gets set {13}, P  4963 [k=1 v=0] gets set {14}, P  5198 [k=1 v=0] gets set {1}, P  5215 [k=1 v=0] gets set {10}, P  5245 [k=1 v=0] gets set {58}, P  5283 [k=1 v=0] gets set {11}, P  5606 [k=1 v=0] gets set {2}, P  5609 [k=1 v=0] gets set {25}, P  5693 [k=1 v=0] gets set {13}, P  5788 [k=1 v=0] gets set {6}, P  6001 [k=1 v=0] gets set {39}, P  6012 [k=1 v=0] gets set {29}, P  6382 [k=1 v=0] gets set {1}, P  6657 [k=1 v=0] gets set {25}, P  7006 [k=1 v=0] gets set {1}, P  7111 [k=1 v=0] gets set {34}, P  7378 [k=1 v=0] gets set {5}, P  7563 [k=1 v=0] gets set {6}, P  7583 [k=1 v=0] gets set {38}, P  7683 [k=1 v=0] gets set {11}, P  7810 [k=1 v=0] gets set {9}, P  7847 [k=1 v=0] gets set {18}, P  7962 [k=1 v=0] gets set {14}, P  7967 [k=1 v=0] gets set {16}, P  8113 [k=1 v=0] gets set {25}, P  8201 [k=1 v=0] gets set {1}, P  8239 [k=1 v=0] gets set {23}, P  8246 [k=1 v=0] gets set {2}, P  8331 [k=1 v=0] gets set {1}, P  8967 [k=1 v=0] gets set {12}, P  9034 [k=1 v=0] gets set {15}, P  9060 [k=1 v=0] gets set {12}, P  9118 [k=1 v=0] gets set {49}, P  9294 [k=1 v=0] gets set {7}, P  9487 [k=1 v=0] gets set {14}, P  9520 [k=1 v=0] gets set {32}, P  9858 [k=1 v=0] gets set {14}, P  9899 [k=1 v=0] gets set {23}]
Probabilities and corresponding integer solution:
lambda_8 = 0.166667 and welfare = 0.000000 and x_l = [0, 0, 0, 0, 0, 0, 0, 0, 0, 0, 0, 0, 0, 0, 0, 0, 0, 0, 0, 0, 0, 0, 0, 0, 0, 0, 0, 0, 0, 0, 0, 0, 0, 0, 0, 0, 0, 0, 0, 0, 0, 0, 0, 0, 0, 0, 0, 0, 0, 0, 0, 0, 0, 0, 0, 0, 0, 0]
lambda_19 = 0.166667 and welfare = 875.075116 and x_l = [0, 0, 0, 0, 0, 0, 0, 0, 0, 0, 0, 0, 0, 0, 0, 0, 0, 0, 0, 0, 0, 0, 0, 0, 0, 0, 0, 0, 0, 0, 0, 0, 0, 0, 0, 0, 0, 0, 0, 0, 0, 0, 0, 0, 0, 0, 0, 0, 0, 0, 0, 0, 0, 0, 1, 1, 1, 0]
lambda_24 = 0.333333 and welfare = 14037.375158 and x_l = [1, 1, 1, 1, 1, 1, 1, 1, 1, 1, 1, 1, 1, 1, 0, 1, 1, 1, 1, 1, 1, 1, 1, 1, 1, 1, 1, 1, 1, 1, 1, 1, 1, 1, 1, 1, 1, 1, 1, 1, 1, 1, 1, 1, 1, 1, 1, 1, 1, 1, 1, 1, 1, 1, 0, 1, 1, 1]
lambda_29 = 0.166667 and welfare = 13271.982481 and x_l = [1, 1, 1, 1, 1, 1, 1, 1, 1, 1, 1, 1, 1, 1, 0, 1, 1, 1, 1, 1, 1, 1, 1, 1, 1, 1, 1, 1, 1, 1, 1, 1, 1, 1, 1, 1, 1, 1, 1, 1, 1, 1, 1, 1, 1, 1, 1, 1, 1, 1, 1, 1, 1, 1, 1, 0, 0, 0]
lambda_31 = 0.101449 and welfare = 529.088254 and x_l = [0, 0, 0, 0, 0, 0, 0, 0, 0, 0, 0, 0, 0, 0, 0, 0, 0, 0, 0, 0, 0, 0, 0, 0, 0, 0, 0, 0, 0, 0, 0, 0, 0, 0, 0, 0, 0, 0, 0, 0, 0, 0, 0, 0, 0, 0, 0, 0, 0, 0, 0, 0, 0, 0, 1, 0, 0, 1]
lambda_35 = 0.065217 and welfare = 845.230653 and x_l = [0, 0, 0, 0, 0, 0, 0, 0, 0, 0, 0, 0, 0, 0, 1, 0, 0, 0, 0, 0, 0, 0, 0, 0, 0, 0, 0, 0, 0, 0, 0, 0, 0, 0, 0, 0, 0, 0, 0, 0, 0, 0, 0, 0, 0, 0, 0, 0, 0, 0, 0, 0, 0, 0, 1, 0, 0, 1]
lambda_else = 0
Using 6 out of 36 integer solutions.
Expected social welfare: 7145.767344
Objective value of primal LP: 1.000000


