Analysis results no. 3

Ellipsoid method stopped in iteration 1000 because reached N.
Ellipsoid parameters: cut=central; eps=0.000000; N=1000; R=5.744563.
Ellipsoid performance: runtime=141.309630 sec.; constraint-cuts=830.

First iteration in which primal was feasible: 5.
In total 56 integer solutions where found, whereas 7 where used by primal.

Solution quality:
Expected social welfare=6733.301688
Absolute deviation=4990.655128
Variance=25027805.686123
Standard deviation=5002.779796
Coefficient of variation=0.742991

Distribution of constraint cuts:
cons_cuts=[2, 3, 5, 7, 9, 11, 13, 15, 16, 18, 20, 22, 23, 25, 27, 29, 31, 32, 34, 35, 37, 39, 40, 42, 43, 45, 46, 48, 50, 52, 53, 55, 56, 58, 60, 61, 63, 65, 66, 68, 69, 71, 72, 74, 75, 77, 78, 80, 81, 83, 85, 86, 87, 89, 90, 91, 93, 94, 96, 97, 98, 100, 101, 102, 104, 105, 107, 108, 110, 111, 112, 114, 115, 117, 118, 120, 121, 123, 124, 125, 126, 128, 129, 130, 131, 133, 134, 135, 137, 138, 139, 140, 142, 143, 144, 146, 147, 148, 150, 151, 152, 154, 155, 156, 158, 159, 160, 162, 163, 164, 166, 167, 168, 170, 171, 173, 174, 175, 176, 178, 179, 181, 182, 183, 185, 186, 187, 189, 190, 192, 193, 194, 196, 197, 198, 199, 200, 202, 203, 204, 205, 206, 207, 209, 210, 211, 212, 213, 214, 215, 216, 217, 219, 220, 221, 222, 223, 224, 225, 226, 228, 229, 230, 231, 232, 233, 234, 236, 237, 238, 239, 240, 241, 242, 244, 245, 246, 247, 248, 249, 250, 252, 253, 254, 255, 256, 257, 258, 260, 261, 262, 263, 264, 265, 266, 267, 269, 270, 271, 272, 273, 274, 275, 277, 278, 279, 280, 281, 282, 284, 285, 286, 287, 288, 289, 291, 292, 293, 294, 295, 296, 298, 299, 300, 301, 302, 303, 305, 306, 307, 308, 309, 311, 312, 313, 314, 315, 316, 318, 319, 320, 321, 322, 324, 325, 326, 327, 328, 330, 331, 332, 333, 334, 335, 337, 338, 339, 340, 341, 343, 344, 345, 346, 347, 348, 349, 351, 352, 353, 354, 355, 356, 357, 359, 360, 361, 362, 363, 364, 366, 367, 368, 369, 370, 371, 373, 374, 375, 376, 377, 378, 379, 381, 382, 383, 384, 385, 386, 388, 389, 390, 391, 392, 394, 395, 396, 397, 398, 399, 401, 402, 403, 404, 405, 406, 408, 409, 410, 411, 412, 413, 415, 416, 417, 418, 419, 421, 422, 423, 424, 425, 426, 428, 429, 430, 431, 432, 433, 435, 436, 437, 438, 439, 440, 442, 443, 444, 445, 446, 447, 449, 450, 451, 452, 453, 455, 456, 457, 458, 459, 461, 462, 463, 464, 466, 467, 468, 469, 470, 472, 473, 474, 475, 476, 478, 479, 480, 481, 482, 483, 484, 486, 487, 488, 489, 490, 491, 493, 494, 495, 496, 497, 498, 499, 501, 502, 503, 504, 505, 506, 508, 509, 510, 511, 512, 513, 515, 516, 517, 518, 519, 521, 522, 523, 524, 525, 527, 528, 529, 530, 531, 533, 534, 535, 536, 537, 538, 539, 540, 541, 542, 544, 545, 546, 547, 548, 550, 551, 552, 553, 554, 555, 556, 557, 558, 560, 561, 562, 563, 564, 565, 566, 567, 569, 570, 571, 572, 573, 574, 575, 576, 578, 579, 580, 581, 582, 583, 584, 585, 587, 588, 589, 590, 591, 592, 593, 594, 596, 597, 598, 599, 600, 601, 602, 604, 605, 606, 607, 608, 609, 610, 612, 613, 614, 615, 616, 617, 618, 620, 621, 622, 623, 624, 625, 626, 628, 629, 630, 631, 632, 633, 634, 636, 637, 638, 639, 640, 641, 642, 644, 645, 646, 647, 648, 649, 650, 652, 653, 654, 655, 656, 657, 658, 660, 661, 662, 663, 664, 665, 667, 668, 669, 670, 671, 673, 674, 675, 676, 677, 679, 680, 681, 682, 683, 684, 685, 687, 688, 689, 690, 691, 692, 693, 695, 696, 697, 698, 699, 700, 701, 703, 704, 705, 706, 707, 708, 710, 711, 712, 713, 714, 715, 716, 718, 719, 720, 721, 722, 723, 725, 726, 727, 728, 729, 731, 732, 733, 734, 735, 737, 738, 739, 740, 741, 743, 744, 745, 746, 747, 749, 750, 751, 752, 753, 755, 756, 757, 758, 759, 761, 762, 763, 764, 765, 766, 767, 768, 769, 771, 772, 773, 774, 775, 776, 777, 778, 780, 781, 782, 783, 784, 785, 786, 787, 789, 790, 791, 792, 793, 794, 796, 797, 798, 799, 801, 802, 803, 804, 806, 807, 808, 809, 810, 812, 813, 814, 815, 817, 818, 819, 820, 822, 823, 824, 825, 826, 827, 829, 830, 831, 832, 833, 834, 835, 836, 837, 838, 840, 841, 842, 843, 844, 845, 846, 847, 848, 849, 851, 852, 853, 854, 855, 856, 857, 858, 859, 861, 862, 863, 864, 865, 866, 867, 868, 869, 871, 872, 873, 874, 875, 876, 877, 878, 880, 881, 882, 883, 884, 885, 886, 887, 888, 890, 891, 892, 893, 894, 895, 896, 898, 899, 900, 901, 902, 903, 904, 905, 907, 908, 909, 910, 911, 912, 913, 914, 916, 917, 918, 919, 920, 921, 923, 924, 925, 926, 927, 928, 930, 931, 932, 933, 934, 935, 936, 938, 939, 940, 941, 942, 943, 944, 945, 947, 948, 949, 950, 951, 952, 953, 955, 956, 957, 958, 959, 960, 961, 963, 964, 965, 966, 967, 968, 969, 970, 971, 972, 974, 975, 976, 977, 978, 979, 980, 981, 983, 984, 985, 986, 987, 988, 989, 991, 992, 993, 994, 995, 996, 997, 998, 1000];
Distribution of found integer solutions:
int_sols=[2, 3, 5, 9, 16, 23, 77, 123, 124, 125, 126, 130, 137, 196, 197, 198, 204, 205, 206, 207, 209, 210, 211, 214, 215, 216, 217, 236, 237, 247, 263, 266, 267, 277, 300, 311, 337, 338, 341, 349, 351, 353, 363, 368, 374, 384, 385, 421, 429, 430, 447, 560, 569, 579, 588, 998];
Distribution of found duplicates:
int_dupl=[150, 174, 494, 503, 511, 525, 780, 32, 35, 40, 69, 85, 87, 90, 96, 98, 101, 104, 107, 143, 148, 154, 159, 164, 167, 170, 173, 475, 491, 495, 497, 499, 502, 505, 508, 510, 512, 515, 517, 522, 524, 527, 529, 782, 784, 786, 976, 7, 31, 34, 37, 39, 42, 71, 75, 83, 86, 89, 91, 94, 97, 100, 102, 105, 108, 138, 142, 147, 155, 160, 163, 166, 168, 171, 476, 493, 496, 498, 501, 504, 506, 509, 513, 516, 518, 521, 523, 528, 530, 783, 785, 787, 977, 11, 13, 15, 18, 20, 22, 25, 27, 29, 45, 48, 50, 52, 55, 58, 60, 63, 65, 68, 74, 78, 81, 112, 114, 117, 120, 152, 158, 176, 178, 181, 183, 187, 190, 193, 590, 592, 604, 607, 942, 949, 967, 53, 185, 43, 46, 56, 61, 66, 72, 80, 111, 115, 118, 121, 151, 156, 175, 179, 182, 186, 189, 192, 194, 589, 591, 593, 606, 608, 943, 950, 965, 93, 110, 162, 519, 789, 287, 392, 621, 645, 667, 703, 881, 941, 983, 129, 140, 146, 203, 288, 291, 395, 397, 399, 428, 705, 707, 842, 844, 857, 875, 880, 885, 887, 891, 984, 986, 988, 992, 128, 133, 135, 139, 406, 555, 561, 563, 565, 567, 575, 599, 601, 775, 847, 849, 852, 854, 865, 867, 869, 979, 996, 131, 134, 405, 531, 554, 556, 562, 564, 566, 574, 600, 602, 774, 834, 848, 851, 853, 855, 866, 868, 871, 978, 997, 144, 264, 289, 396, 398, 401, 426, 706, 708, 835, 843, 845, 858, 876, 884, 886, 888, 892, 985, 987, 989, 993, 402, 653, 674, 710, 890, 898, 991, 478, 966, 199, 202, 425, 613, 714, 759, 781, 200, 424, 576, 713, 758, 778, 352, 367, 376, 378, 381, 408, 557, 597, 832, 838, 841, 861, 874, 894, 278, 285, 292, 322, 330, 394, 534, 571, 573, 638, 640, 642, 654, 656, 658, 662, 664, 668, 670, 673, 676, 679, 687, 704, 757, 933, 936, 939, 265, 279, 286, 321, 328, 391, 570, 572, 620, 639, 641, 644, 655, 657, 661, 663, 665, 669, 671, 675, 677, 685, 701, 756, 935, 938, 940, 221, 234, 629, 738, 793, 799, 809, 819, 827, 957, 431, 433, 436, 439, 442, 444, 446, 450, 452, 456, 458, 461, 464, 467, 470, 489, 545, 547, 648, 822, 862, 895, 944, 980, 212, 219, 253, 312, 314, 316, 319, 327, 423, 553, 833, 932, 959, 995, 213, 220, 313, 315, 318, 326, 422, 931, 958, 994, 248, 255, 257, 260, 262, 270, 272, 345, 347, 488, 551, 647, 690, 692, 695, 829, 878, 900, 902, 904, 907, 909, 911, 916, 918, 921, 924, 926, 930, 249, 254, 256, 258, 261, 269, 271, 275, 346, 348, 487, 552, 558, 646, 689, 691, 693, 830, 877, 899, 901, 903, 908, 910, 912, 914, 917, 919, 923, 925, 928, 223, 225, 228, 230, 232, 244, 250, 280, 282, 302, 305, 307, 309, 325, 334, 339, 388, 474, 622, 624, 626, 633, 698, 700, 712, 719, 721, 723, 727, 729, 733, 735, 739, 741, 745, 747, 751, 753, 791, 794, 797, 801, 803, 807, 810, 813, 817, 825, 952, 955, 222, 224, 226, 229, 231, 233, 242, 252, 281, 284, 301, 303, 306, 308, 324, 335, 340, 386, 473, 623, 625, 628, 632, 697, 699, 711, 720, 722, 726, 728, 732, 734, 737, 740, 744, 746, 750, 752, 790, 792, 796, 798, 802, 806, 808, 812, 815, 818, 826, 953, 956, 238, 240, 245, 333, 355, 357, 360, 364, 369, 371, 389, 410, 413, 416, 418, 614, 681, 683, 824, 239, 241, 246, 332, 354, 356, 359, 366, 370, 373, 390, 412, 415, 417, 419, 578, 682, 684, 823, 331, 718, 725, 731, 743, 749, 755, 804, 814, 550, 696, 905, 927, 273, 294, 296, 299, 344, 536, 538, 540, 542, 581, 583, 618, 636, 716, 763, 765, 767, 769, 777, 274, 293, 295, 298, 343, 535, 537, 539, 541, 582, 634, 715, 761, 764, 766, 768, 776, 688, 913, 920, 544, 612, 771, 320, 404, 479, 481, 483, 631, 773, 964, 968, 970, 972, 403, 480, 482, 484, 580, 630, 772, 963, 969, 971, 974, 486, 975, 361, 948, 362, 947, 1000, 846, 864, 411, 375, 377, 379, 382, 409, 598, 831, 837, 840, 859, 873, 893, 383, 533, 856, 872, 585, 610, 616, 652, 882, 960, 584, 587, 594, 609, 615, 617, 650, 883, 961, 438, 455, 469, 836, 951, 432, 435, 437, 440, 443, 445, 449, 451, 453, 457, 459, 463, 466, 468, 472, 490, 546, 548, 649, 820, 863, 896, 945, 981, 462, 637, 660, 680, 934, 762, 596, 605];

Decomposition solution:
Meaning of solution vector: [P    35 [k=2 v=0] gets set {12}, P    57 [k=2 v=0] gets set {33}, P    67 [k=2 v=0] gets set {110}, P    99 [k=2 v=0] gets set {6}, P   104 [k=2 v=0] gets set {5}, P   144 [k=2 v=0] gets set {33}, P   162 [k=2 v=0] gets set {33}, P   259 [k=2 v=0] gets set {43}, P   286 [k=2 v=0] gets set {31}, P   351 [k=2 v=0] gets set {14}, P   366 [k=2 v=0] gets set {2}, P   386 [k=2 v=0] gets set {10}, P   390 [k=2 v=0] gets set {33}, P   419 [k=2 v=0] gets set {32}, P   431 [k=2 v=0] gets set {47}, P   507 [k=2 v=0] gets set {33}, P   555 [k=2 v=0] gets set {46}, P   557 [k=2 v=0] gets set {24}, P   558 [k=2 v=0] gets set {24}, P   563 [k=2 v=0] gets set {26}, P   578 [k=2 v=0] gets set {2}, P   586 [k=2 v=0] gets set {85}, P   669 [k=2 v=0] gets set {48}, P   691 [k=2 v=0] gets set {15}, P   701 [k=2 v=0] gets set {59}, P   707 [k=2 v=0] gets set {12}, P   738 [k=2 v=0] gets set {48}, P   785 [k=2 v=0] gets set {5}, P   823 [k=2 v=0] gets set {13}, P   831 [k=2 v=0] gets set {127}, P   914 [k=2 v=0] gets set {9}, P   919 [k=2 v=0] gets set {1}]
Probabilities and corresponding integer solution:
lambda_1 = 0.020833 and welfare = 1773.805149 and x_l = [0, 0, 0, 0, 0, 0, 0, 0, 0, 0, 0, 0, 0, 0, 0, 0, 0, 0, 0, 0, 0, 0, 0, 0, 0, 0, 0, 0, 0, 1, 1, 0]
lambda_5 = 0.020833 and welfare = 0.000000 and x_l = [0, 0, 0, 0, 0, 0, 0, 0, 0, 0, 0, 0, 0, 0, 0, 0, 0, 0, 0, 0, 0, 0, 0, 0, 0, 0, 0, 0, 0, 0, 0, 0]
lambda_13 = 0.062500 and welfare = 12091.751644 and x_l = [1, 1, 1, 1, 1, 1, 1, 1, 1, 1, 1, 1, 1, 1, 1, 1, 1, 1, 1, 1, 1, 1, 1, 1, 1, 1, 1, 1, 1, 0, 1, 1]
lambda_25 = 0.020833 and welfare = 13103.858034 and x_l = [1, 1, 1, 1, 1, 1, 1, 1, 1, 1, 1, 1, 1, 1, 1, 1, 1, 1, 0, 1, 1, 1, 1, 1, 1, 1, 1, 1, 0, 1, 0, 0]
lambda_31 = 0.437500 and welfare = 1828.058533 and x_l = [0, 0, 0, 0, 0, 0, 0, 0, 0, 0, 0, 0, 0, 0, 0, 0, 0, 0, 0, 0, 0, 0, 0, 0, 0, 0, 0, 0, 1, 1, 0, 0]
lambda_32 = 0.416667 and welfare = 11599.792531 and x_l = [1, 1, 1, 1, 1, 1, 1, 1, 1, 1, 1, 1, 1, 1, 1, 1, 1, 1, 0, 1, 1, 1, 1, 1, 1, 1, 1, 1, 0, 0, 1, 1]
lambda_43 = 0.020833 and welfare = 1660.483103 and x_l = [0, 0, 0, 0, 0, 0, 0, 0, 0, 0, 0, 0, 0, 0, 0, 0, 0, 0, 0, 0, 0, 0, 0, 0, 0, 0, 0, 0, 0, 1, 0, 1]
lambda_else = 0
Using 7 out of 56 integer solutions.
Expected social welfare: 6733.301688
Objective value of primal LP: 1.000000


