Analysis results no. 14

Ellipsoid method stopped in iteration 1000 because reached N.
Ellipsoid parameters: cut=deep; eps=0.000000; N=1000; R=5.744563.
Ellipsoid performance: runtime=134.702696 sec.; constraint-cuts=757.

First iteration in which primal was feasible: 6.
In total 108 integer solutions where found, whereas 5 where used by primal.

Solution quality:
Expected social welfare=6733.301688
Absolute deviation=6350.808070
Variance=41130999.154092
Standard deviation=6413.345395
Coefficient of variation=0.952482

Distribution of constraint cuts:
cons_cuts=[2, 4, 6, 9, 11, 13, 16, 18, 20, 23, 25, 27, 30, 32, 34, 37, 39, 41, 44, 45, 47, 49, 51, 53, 55, 57, 59, 61, 63, 64, 67, 68, 70, 72, 74, 76, 78, 80, 81, 83, 84, 86, 88, 90, 92, 94, 95, 97, 99, 100, 102, 104, 106, 108, 109, 111, 112, 114, 115, 117, 119, 120, 122, 124, 125, 127, 129, 131, 132, 134, 136, 137, 139, 141, 143, 144, 146, 148, 150, 152, 153, 155, 157, 159, 160, 161, 163, 164, 165, 166, 168, 169, 170, 172, 173, 174, 176, 177, 178, 179, 181, 182, 183, 185, 186, 187, 189, 190, 191, 192, 194, 195, 197, 198, 200, 201, 202, 203, 205, 206, 208, 209, 210, 212, 213, 215, 216, 218, 219, 220, 221, 223, 224, 225, 226, 228, 229, 230, 232, 233, 234, 236, 237, 238, 240, 241, 243, 244, 245, 246, 248, 249, 251, 252, 254, 255, 256, 258, 259, 260, 262, 263, 265, 266, 268, 269, 270, 272, 273, 274, 276, 277, 279, 280, 281, 283, 284, 285, 287, 288, 290, 291, 292, 294, 295, 297, 298, 299, 301, 302, 303, 305, 306, 307, 309, 310, 311, 313, 314, 316, 317, 318, 320, 321, 322, 324, 325, 326, 328, 329, 330, 332, 333, 335, 336, 337, 339, 340, 342, 343, 344, 346, 347, 348, 350, 351, 353, 354, 355, 356, 358, 359, 360, 362, 363, 364, 366, 367, 368, 370, 371, 372, 374, 375, 377, 378, 379, 380, 382, 383, 385, 386, 387, 389, 390, 391, 393, 394, 396, 397, 398, 399, 401, 402, 403, 405, 406, 408, 409, 410, 412, 413, 414, 416, 417, 419, 420, 421, 422, 423, 424, 425, 426, 427, 428, 429, 430, 431, 432, 433, 434, 435, 436, 437, 438, 439, 440, 441, 443, 444, 445, 446, 447, 448, 449, 450, 451, 452, 453, 454, 456, 457, 458, 459, 460, 461, 462, 463, 465, 466, 467, 468, 469, 470, 472, 473, 474, 475, 476, 478, 479, 480, 481, 483, 484, 485, 486, 487, 489, 490, 491, 493, 494, 495, 497, 498, 499, 501, 502, 503, 505, 506, 508, 509, 510, 511, 513, 514, 515, 516, 518, 519, 520, 521, 523, 524, 525, 527, 528, 529, 530, 532, 533, 534, 536, 537, 538, 540, 541, 542, 543, 545, 546, 547, 548, 550, 551, 552, 553, 555, 556, 557, 558, 560, 561, 562, 564, 565, 566, 568, 569, 570, 572, 573, 575, 576, 577, 579, 580, 582, 583, 584, 585, 587, 588, 589, 590, 591, 593, 594, 595, 596, 598, 599, 600, 601, 602, 604, 605, 606, 608, 609, 610, 611, 613, 614, 615, 617, 618, 619, 620, 622, 623, 624, 625, 627, 628, 629, 631, 632, 633, 634, 635, 637, 638, 639, 641, 642, 643, 645, 646, 647, 648, 650, 651, 652, 653, 654, 655, 656, 657, 658, 659, 660, 661, 662, 663, 664, 665, 666, 667, 668, 669, 670, 671, 672, 673, 674, 675, 676, 677, 678, 679, 680, 681, 682, 683, 684, 685, 686, 687, 688, 689, 690, 691, 692, 693, 694, 695, 696, 697, 698, 700, 701, 702, 703, 704, 705, 706, 707, 708, 709, 710, 711, 712, 713, 715, 716, 717, 718, 719, 720, 721, 722, 723, 725, 726, 727, 728, 729, 730, 732, 733, 734, 736, 737, 738, 739, 741, 742, 743, 744, 745, 746, 748, 749, 750, 751, 752, 754, 755, 756, 757, 758, 759, 761, 762, 763, 765, 766, 767, 768, 769, 771, 772, 773, 774, 775, 777, 778, 779, 780, 782, 783, 784, 785, 786, 788, 789, 790, 791, 793, 794, 795, 797, 798, 799, 801, 802, 803, 804, 806, 807, 808, 809, 810, 812, 813, 814, 815, 817, 818, 819, 820, 822, 823, 824, 825, 827, 828, 829, 830, 832, 833, 834, 835, 837, 838, 839, 840, 842, 843, 844, 846, 847, 848, 849, 850, 852, 853, 854, 855, 857, 858, 859, 861, 862, 863, 864, 866, 867, 868, 869, 870, 872, 873, 874, 875, 877, 878, 879, 880, 881, 883, 884, 885, 887, 888, 889, 890, 891, 893, 894, 895, 896, 898, 899, 900, 902, 903, 904, 905, 907, 908, 909, 910, 912, 913, 914, 915, 917, 918, 919, 921, 922, 923, 924, 925, 927, 928, 929, 930, 932, 933, 934, 936, 937, 938, 939, 940, 942, 943, 944, 945, 947, 948, 949, 950, 952, 953, 954, 955, 956, 958, 959, 960, 961, 963, 964, 965, 966, 968, 969, 970, 971, 973, 974, 975, 976, 978, 979, 980, 982, 983, 984, 986, 987, 988, 989, 990, 992, 993, 994, 995, 997, 998, 999];
Distribution of found integer solutions:
int_sols=[2, 4, 6, 16, 18, 44, 45, 47, 81, 83, 97, 111, 134, 159, 160, 161, 168, 170, 174, 177, 178, 179, 189, 245, 246, 272, 335, 419, 420, 422, 423, 426, 430, 431, 434, 435, 436, 438, 439, 445, 446, 457, 459, 469, 479, 497, 540, 548, 550, 560, 590, 625, 642, 650, 651, 654, 655, 658, 659, 661, 662, 678, 679, 680, 683, 684, 685, 686, 696, 697, 700, 702, 706, 708, 709, 710, 719, 720, 741, 742, 743, 749, 751, 757, 758, 759, 766, 772, 773, 782, 793, 799, 807, 808, 827, 858, 866, 873, 874, 880, 894, 921, 952, 955, 963, 969, 986, 989];
Distribution of found duplicates:
int_dupl=[23, 124, 252, 279, 297, 396, 408, 514, 812, 11, 25, 32, 108, 115, 119, 122, 191, 194, 197, 238, 241, 288, 292, 295, 350, 403, 406, 510, 513, 541, 543, 810, 835, 9, 13, 27, 34, 109, 114, 117, 120, 190, 192, 195, 198, 237, 240, 243, 287, 290, 294, 348, 402, 405, 509, 511, 542, 545, 837, 20, 30, 37, 41, 61, 64, 99, 102, 106, 125, 129, 132, 137, 141, 146, 150, 155, 280, 324, 326, 354, 386, 389, 393, 632, 834, 936, 39, 63, 100, 104, 112, 127, 131, 136, 139, 144, 148, 153, 157, 270, 325, 387, 390, 394, 59, 80, 218, 265, 340, 353, 366, 49, 53, 57, 67, 70, 74, 78, 284, 313, 317, 320, 364, 368, 599, 601, 645, 647, 806, 51, 55, 68, 72, 76, 283, 314, 318, 321, 367, 370, 600, 646, 648, 84, 88, 92, 95, 169, 228, 255, 259, 262, 266, 347, 397, 399, 524, 527, 530, 533, 619, 622, 737, 828, 830, 86, 90, 94, 256, 260, 263, 310, 351, 362, 398, 523, 525, 529, 532, 618, 620, 623, 829, 832, 528, 534, 200, 244, 291, 546, 143, 152, 328, 316, 359, 385, 163, 165, 173, 281, 355, 358, 383, 635, 838, 868, 870, 956, 959, 164, 166, 172, 269, 356, 867, 869, 872, 958, 226, 309, 401, 840, 176, 219, 221, 224, 229, 232, 234, 254, 268, 299, 302, 306, 342, 344, 738, 750, 220, 223, 225, 230, 233, 298, 301, 305, 307, 343, 360, 515, 839, 236, 258, 285, 303, 346, 391, 624, 637, 833, 181, 183, 186, 201, 203, 206, 210, 213, 216, 372, 375, 379, 382, 949, 182, 185, 187, 202, 205, 208, 212, 215, 311, 363, 374, 377, 380, 602, 209, 378, 413, 248, 251, 274, 277, 329, 332, 336, 339, 410, 414, 417, 633, 937, 939, 943, 945, 249, 273, 276, 330, 333, 337, 409, 412, 416, 634, 809, 938, 940, 944, 947, 322, 371, 553, 604, 948, 421, 485, 491, 502, 478, 521, 424, 470, 473, 516, 519, 591, 594, 903, 968, 425, 427, 429, 437, 466, 480, 483, 486, 489, 493, 495, 499, 503, 506, 983, 428, 447, 536, 538, 732, 734, 794, 797, 971, 974, 432, 443, 890, 893, 896, 899, 433, 889, 891, 895, 898, 508, 444, 461, 463, 476, 587, 589, 595, 605, 608, 611, 614, 638, 641, 460, 596, 627, 629, 643, 930, 933, 978, 440, 449, 451, 453, 456, 458, 467, 555, 557, 561, 564, 568, 572, 575, 579, 875, 878, 441, 448, 450, 452, 454, 547, 556, 558, 562, 566, 569, 573, 577, 580, 877, 879, 950, 987, 462, 465, 475, 585, 588, 606, 609, 613, 615, 639, 598, 610, 617, 631, 934, 468, 565, 576, 537, 730, 733, 795, 798, 970, 973, 472, 474, 518, 520, 584, 593, 739, 481, 484, 487, 490, 494, 498, 501, 505, 982, 984, 736, 888, 975, 551, 583, 881, 884, 887, 965, 552, 883, 885, 902, 964, 966, 570, 582, 786, 628, 780, 929, 932, 976, 979, 980, 652, 656, 729, 804, 653, 779, 999, 670, 657, 819, 660, 664, 666, 672, 676, 783, 785, 789, 791, 802, 842, 844, 854, 857, 665, 671, 677, 774, 777, 994, 997, 663, 667, 669, 673, 675, 814, 817, 923, 668, 674, 698, 905, 701, 703, 681, 726, 910, 913, 917, 919, 682, 705, 722, 725, 748, 822, 824, 765, 707, 752, 861, 863, 687, 689, 691, 693, 695, 756, 925, 688, 690, 692, 694, 755, 927, 754, 862, 904, 721, 723, 728, 746, 820, 823, 825, 908, 704, 847, 864, 928, 711, 713, 716, 718, 767, 769, 712, 715, 717, 768, 771, 961, 727, 745, 909, 912, 915, 918, 744, 849, 848, 850, 859, 990, 761, 763, 960, 762, 852, 853, 775, 778, 993, 995, 998, 784, 788, 790, 801, 803, 843, 855, 846, 813, 815, 818, 922, 924, 914, 907, 942, 953, 900, 954, 988, 992];

Decomposition solution:
Meaning of solution vector: [P    35 [k=2 v=0] gets set {12}, P    57 [k=2 v=0] gets set {33}, P    67 [k=2 v=0] gets set {110}, P    99 [k=2 v=0] gets set {6}, P   104 [k=2 v=0] gets set {5}, P   144 [k=2 v=0] gets set {33}, P   162 [k=2 v=0] gets set {33}, P   259 [k=2 v=0] gets set {43}, P   286 [k=2 v=0] gets set {31}, P   351 [k=2 v=0] gets set {14}, P   366 [k=2 v=0] gets set {2}, P   386 [k=2 v=0] gets set {10}, P   390 [k=2 v=0] gets set {33}, P   419 [k=2 v=0] gets set {32}, P   431 [k=2 v=0] gets set {47}, P   507 [k=2 v=0] gets set {33}, P   555 [k=2 v=0] gets set {46}, P   557 [k=2 v=0] gets set {24}, P   558 [k=2 v=0] gets set {24}, P   563 [k=2 v=0] gets set {26}, P   578 [k=2 v=0] gets set {2}, P   586 [k=2 v=0] gets set {85}, P   669 [k=2 v=0] gets set {48}, P   691 [k=2 v=0] gets set {15}, P   701 [k=2 v=0] gets set {59}, P   707 [k=2 v=0] gets set {12}, P   738 [k=2 v=0] gets set {48}, P   785 [k=2 v=0] gets set {5}, P   823 [k=2 v=0] gets set {13}, P   831 [k=2 v=0] gets set {127}, P   914 [k=2 v=0] gets set {9}, P   919 [k=2 v=0] gets set {1}]
Probabilities and corresponding integer solution:
lambda_8 = 0.375000 and welfare = 13413.485879 and x_l = [1, 1, 1, 1, 1, 1, 1, 1, 1, 1, 1, 1, 1, 1, 1, 1, 1, 1, 0, 1, 1, 1, 1, 1, 1, 1, 1, 1, 1, 1, 1, 0]
lambda_9 = 0.437500 and welfare = 14.365184 and x_l = [0, 0, 0, 0, 0, 0, 0, 0, 0, 0, 0, 0, 0, 0, 0, 0, 0, 0, 0, 0, 0, 0, 0, 0, 0, 0, 0, 0, 0, 0, 0, 1]
lambda_42 = 0.062500 and welfare = 13231.545265 and x_l = [1, 1, 1, 1, 1, 1, 1, 1, 1, 1, 1, 1, 1, 1, 1, 1, 1, 1, 0, 1, 1, 1, 1, 1, 1, 1, 1, 1, 0, 1, 1, 0]
lambda_67 = 0.062500 and welfare = 10960.417526 and x_l = [1, 1, 1, 1, 1, 1, 1, 1, 1, 1, 1, 1, 1, 1, 1, 1, 1, 1, 0, 1, 1, 1, 1, 1, 1, 1, 0, 0, 1, 0, 0, 1]
lambda_76 = 0.062500 and welfare = 2959.392651 and x_l = [0, 0, 0, 0, 0, 0, 0, 0, 0, 0, 0, 0, 0, 0, 0, 0, 0, 0, 1, 0, 0, 0, 0, 0, 0, 0, 1, 1, 1, 1, 1, 0]
lambda_else = 0
Using 5 out of 108 integer solutions.
Expected social welfare: 6733.301688
Objective value of primal LP: 1.000000


