Analysis results no. 9

Ellipsoid method stopped in iteration 1000 because reached N.
Ellipsoid parameters: cut=deep; eps=0.000000; N=1000; R=5.744563.
Ellipsoid performance: runtime=138.768974 sec.; constraint-cuts=804.

First iteration in which primal was feasible: 11.
In total 197 integer solutions where found, whereas 5 where used by primal.

Solution quality:
Expected social welfare=6733.301688
Absolute deviation=5644.168116
Variance=31876893.437302
Standard deviation=5645.962578
Coefficient of variation=0.838513

Distribution of constraint cuts:
cons_cuts=[2, 4, 6, 8, 10, 11, 13, 15, 17, 18, 20, 22, 23, 25, 27, 28, 30, 32, 33, 35, 36, 38, 40, 41, 43, 44, 46, 48, 49, 51, 52, 54, 55, 57, 58, 60, 61, 63, 64, 66, 67, 69, 70, 72, 73, 75, 76, 78, 79, 81, 82, 84, 85, 86, 88, 89, 90, 92, 93, 95, 96, 97, 99, 100, 101, 103, 104, 106, 107, 109, 110, 111, 113, 114, 116, 117, 119, 120, 122, 123, 124, 126, 127, 129, 130, 132, 133, 134, 136, 137, 139, 140, 142, 143, 144, 146, 147, 149, 150, 152, 153, 154, 155, 157, 158, 159, 161, 162, 163, 164, 166, 167, 168, 170, 171, 172, 174, 175, 176, 178, 179, 181, 182, 183, 185, 186, 187, 189, 190, 191, 192, 193, 195, 196, 197, 198, 200, 201, 202, 203, 204, 205, 206, 207, 208, 210, 211, 212, 213, 214, 215, 216, 217, 219, 220, 221, 222, 223, 224, 225, 227, 228, 229, 230, 231, 232, 234, 235, 236, 237, 238, 240, 241, 242, 243, 244, 246, 247, 248, 249, 251, 252, 253, 254, 256, 257, 258, 260, 261, 262, 263, 264, 266, 267, 268, 269, 271, 272, 273, 274, 276, 277, 278, 279, 281, 282, 283, 285, 286, 287, 288, 290, 291, 292, 293, 295, 296, 297, 298, 300, 301, 302, 304, 305, 306, 307, 309, 310, 311, 312, 314, 315, 316, 318, 319, 320, 322, 323, 324, 326, 327, 329, 330, 331, 332, 334, 335, 336, 337, 339, 340, 341, 342, 343, 345, 346, 347, 348, 350, 351, 352, 354, 355, 356, 357, 358, 360, 361, 362, 363, 365, 366, 367, 369, 370, 371, 372, 373, 374, 375, 376, 377, 378, 379, 380, 381, 382, 383, 384, 385, 386, 388, 389, 390, 391, 392, 393, 394, 395, 396, 397, 399, 400, 401, 402, 403, 404, 405, 407, 408, 409, 410, 411, 412, 413, 415, 416, 417, 418, 419, 420, 422, 423, 424, 425, 426, 428, 429, 430, 431, 432, 434, 435, 436, 437, 439, 440, 441, 442, 443, 444, 445, 447, 448, 449, 450, 451, 452, 454, 455, 456, 457, 458, 459, 461, 462, 463, 464, 466, 467, 468, 469, 470, 472, 473, 474, 475, 476, 477, 479, 480, 481, 482, 483, 485, 486, 487, 488, 489, 490, 492, 493, 494, 495, 497, 498, 499, 500, 501, 503, 504, 505, 506, 507, 509, 510, 511, 512, 513, 515, 516, 517, 518, 519, 521, 522, 523, 524, 526, 527, 528, 529, 530, 531, 533, 534, 535, 536, 537, 539, 540, 541, 542, 543, 544, 546, 547, 548, 549, 550, 552, 553, 554, 555, 556, 558, 559, 560, 561, 563, 564, 565, 566, 568, 569, 570, 571, 572, 574, 575, 576, 577, 578, 580, 581, 582, 583, 584, 586, 587, 588, 589, 591, 592, 593, 594, 596, 597, 598, 599, 600, 602, 603, 604, 605, 606, 607, 609, 610, 611, 612, 613, 615, 616, 617, 618, 619, 621, 622, 623, 624, 625, 627, 628, 629, 630, 631, 633, 634, 635, 636, 637, 639, 640, 641, 642, 644, 645, 646, 647, 648, 650, 651, 652, 653, 654, 656, 657, 658, 659, 661, 662, 663, 664, 666, 667, 668, 669, 670, 672, 673, 674, 675, 676, 678, 679, 680, 681, 682, 684, 685, 686, 687, 688, 690, 691, 692, 693, 694, 696, 697, 698, 699, 700, 702, 703, 704, 705, 706, 708, 709, 710, 711, 712, 713, 715, 716, 717, 718, 720, 721, 722, 723, 725, 726, 727, 728, 730, 731, 732, 734, 735, 736, 738, 739, 741, 742, 743, 745, 746, 747, 749, 750, 751, 753, 754, 755, 756, 757, 758, 759, 761, 762, 763, 764, 765, 766, 768, 769, 770, 771, 772, 774, 775, 776, 777, 779, 780, 781, 782, 783, 784, 785, 787, 788, 789, 790, 791, 792, 794, 795, 796, 797, 798, 799, 801, 802, 803, 804, 805, 806, 807, 809, 810, 811, 812, 813, 814, 816, 817, 818, 819, 820, 822, 823, 824, 825, 826, 828, 829, 830, 831, 832, 833, 835, 836, 837, 838, 839, 840, 842, 843, 844, 845, 846, 847, 849, 850, 851, 852, 853, 854, 856, 857, 858, 859, 860, 862, 863, 864, 865, 866, 868, 869, 870, 871, 872, 873, 875, 876, 877, 878, 880, 881, 882, 883, 884, 885, 887, 888, 889, 890, 891, 893, 894, 895, 896, 897, 899, 900, 901, 902, 904, 905, 906, 907, 908, 909, 911, 912, 913, 914, 915, 917, 918, 919, 920, 922, 923, 924, 925, 927, 928, 929, 930, 931, 932, 934, 935, 936, 937, 938, 939, 941, 942, 943, 944, 945, 947, 948, 949, 950, 951, 953, 954, 955, 956, 957, 958, 960, 961, 962, 963, 964, 966, 967, 968, 969, 970, 971, 973, 974, 975, 976, 977, 979, 980, 981, 982, 984, 985, 986, 987, 988, 990, 991, 992, 993, 994, 995, 997, 998, 999, 1000];
Distribution of found integer solutions:
int_sols=[2, 4, 10, 11, 17, 35, 43, 44, 46, 54, 60, 61, 63, 70, 84, 85, 86, 88, 89, 96, 97, 99, 100, 110, 111, 120, 132, 142, 153, 154, 162, 163, 164, 172, 189, 190, 191, 192, 198, 200, 201, 202, 203, 204, 205, 206, 207, 208, 211, 220, 221, 223, 227, 232, 235, 242, 243, 244, 246, 249, 252, 253, 254, 262, 264, 266, 278, 287, 291, 292, 293, 295, 334, 335, 339, 346, 369, 370, 371, 372, 373, 374, 375, 376, 377, 378, 381, 382, 383, 384, 385, 386, 390, 393, 394, 395, 396, 404, 408, 409, 410, 411, 416, 417, 424, 426, 431, 439, 440, 442, 443, 444, 449, 451, 455, 458, 466, 467, 468, 473, 474, 475, 476, 477, 482, 483, 486, 487, 490, 498, 503, 504, 505, 511, 512, 519, 522, 526, 534, 540, 542, 544, 550, 553, 554, 558, 569, 571, 572, 576, 578, 584, 586, 587, 591, 596, 597, 600, 602, 604, 605, 606, 617, 618, 621, 629, 634, 651, 664, 670, 672, 679, 709, 715, 717, 721, 753, 761, 763, 764, 777, 781, 787, 795, 799, 804, 820, 836, 837, 844, 882, 896, 897, 961, 980, 985, 999];
Distribution of found duplicates:
int_dupl=[286, 875, 6, 8, 36, 340, 342, 345, 348, 351, 615, 697, 699, 930, 22, 27, 32, 40, 193, 196, 279, 282, 285, 13, 15, 18, 20, 23, 25, 28, 30, 33, 38, 41, 195, 197, 281, 283, 341, 343, 347, 350, 352, 696, 698, 929, 931, 311, 48, 51, 57, 143, 146, 149, 305, 307, 310, 499, 507, 783, 49, 52, 55, 58, 144, 147, 150, 306, 309, 506, 509, 666, 784, 152, 64, 67, 72, 75, 78, 81, 134, 137, 140, 357, 360, 639, 66, 69, 73, 76, 79, 82, 133, 136, 139, 356, 358, 622, 637, 640, 880, 644, 613, 693, 90, 185, 187, 273, 276, 92, 183, 186, 272, 274, 277, 93, 123, 126, 129, 175, 178, 182, 314, 316, 320, 323, 327, 955, 95, 122, 124, 127, 130, 174, 176, 179, 312, 315, 319, 322, 326, 329, 954, 956, 181, 113, 116, 119, 938, 941, 101, 104, 107, 171, 297, 300, 302, 103, 106, 109, 170, 296, 298, 301, 114, 117, 939, 986, 942, 330, 957, 361, 155, 158, 161, 157, 159, 354, 166, 168, 988, 167, 635, 881, 884, 987, 304, 318, 324, 859, 405, 577, 580, 711, 713, 990, 688, 691, 543, 687, 690, 692, 355, 363, 366, 619, 694, 362, 365, 367, 616, 271, 234, 236, 238, 241, 228, 230, 459, 462, 464, 609, 611, 222, 224, 231, 332, 943, 945, 948, 263, 268, 528, 530, 642, 661, 873, 210, 212, 214, 216, 219, 527, 647, 839, 842, 213, 215, 217, 441, 533, 648, 678, 838, 840, 843, 261, 225, 290, 944, 947, 229, 461, 463, 607, 610, 949, 237, 240, 481, 1000, 251, 870, 247, 269, 684, 248, 680, 685, 872, 869, 871, 936, 256, 258, 513, 516, 518, 993, 995, 998, 257, 260, 515, 517, 535, 935, 994, 997, 267, 501, 288, 663, 497, 500, 868, 852, 529, 531, 630, 641, 659, 662, 331, 336, 581, 953, 337, 582, 700, 415, 407, 549, 716, 718, 722, 725, 728, 732, 735, 739, 743, 747, 751, 485, 495, 646, 603, 801, 806, 967, 971, 975, 977, 981, 984, 539, 541, 556, 560, 563, 566, 762, 766, 779, 379, 392, 537, 380, 391, 548, 536, 631, 888, 403, 419, 492, 494, 598, 811, 905, 907, 909, 420, 493, 802, 810, 812, 906, 908, 950, 388, 389, 633, 887, 425, 428, 430, 831, 833, 969, 397, 400, 402, 432, 435, 437, 599, 682, 970, 399, 401, 434, 436, 681, 809, 911, 450, 452, 668, 782, 964, 454, 456, 675, 963, 412, 570, 575, 413, 574, 673, 418, 423, 552, 785, 835, 422, 803, 813, 429, 830, 832, 889, 686, 974, 650, 546, 797, 858, 445, 448, 623, 754, 756, 758, 913, 915, 919, 923, 925, 447, 755, 757, 759, 883, 912, 914, 918, 920, 924, 866, 510, 667, 669, 958, 457, 674, 676, 960, 966, 469, 472, 470, 479, 624, 627, 789, 791, 794, 862, 864, 928, 480, 625, 628, 788, 790, 792, 860, 863, 865, 708, 612, 845, 847, 850, 488, 645, 653, 656, 876, 878, 489, 652, 654, 657, 877, 658, 823, 825, 822, 824, 826, 828, 521, 523, 805, 968, 922, 524, 555, 559, 561, 565, 568, 765, 937, 564, 770, 934, 547, 796, 798, 857, 726, 736, 741, 745, 749, 829, 583, 710, 712, 588, 592, 594, 854, 589, 593, 991, 856, 899, 901, 780, 807, 973, 976, 979, 982, 904, 846, 849, 851, 703, 705, 702, 704, 706, 636, 917, 927, 885, 814, 817, 819, 891, 894, 720, 723, 727, 730, 734, 738, 742, 746, 750, 731, 768, 771, 774, 776, 769, 772, 775, 932, 816, 818, 890, 893, 895, 853, 962, 992, 951, 900, 902];

Decomposition solution:
Meaning of solution vector: [P    35 [k=2 v=0] gets set {12}, P    57 [k=2 v=0] gets set {33}, P    67 [k=2 v=0] gets set {110}, P    99 [k=2 v=0] gets set {6}, P   104 [k=2 v=0] gets set {5}, P   144 [k=2 v=0] gets set {33}, P   162 [k=2 v=0] gets set {33}, P   259 [k=2 v=0] gets set {43}, P   286 [k=2 v=0] gets set {31}, P   351 [k=2 v=0] gets set {14}, P   366 [k=2 v=0] gets set {2}, P   386 [k=2 v=0] gets set {10}, P   390 [k=2 v=0] gets set {33}, P   419 [k=2 v=0] gets set {32}, P   431 [k=2 v=0] gets set {47}, P   507 [k=2 v=0] gets set {33}, P   555 [k=2 v=0] gets set {46}, P   557 [k=2 v=0] gets set {24}, P   558 [k=2 v=0] gets set {24}, P   563 [k=2 v=0] gets set {26}, P   578 [k=2 v=0] gets set {2}, P   586 [k=2 v=0] gets set {85}, P   669 [k=2 v=0] gets set {48}, P   691 [k=2 v=0] gets set {15}, P   701 [k=2 v=0] gets set {59}, P   707 [k=2 v=0] gets set {12}, P   738 [k=2 v=0] gets set {48}, P   785 [k=2 v=0] gets set {5}, P   823 [k=2 v=0] gets set {13}, P   831 [k=2 v=0] gets set {127}, P   914 [k=2 v=0] gets set {9}, P   919 [k=2 v=0] gets set {1}]
Probabilities and corresponding integer solution:
lambda_6 = 0.031250 and welfare = 12077.386460 and x_l = [1, 1, 1, 1, 1, 1, 1, 1, 1, 1, 1, 1, 1, 1, 1, 1, 1, 1, 1, 1, 1, 1, 1, 1, 1, 1, 1, 1, 1, 0, 1, 0]
lambda_10 = 0.031250 and welfare = 1788.170333 and x_l = [0, 0, 0, 0, 0, 0, 0, 0, 0, 0, 0, 0, 0, 0, 0, 0, 0, 0, 0, 0, 0, 0, 0, 0, 0, 0, 0, 0, 0, 1, 1, 1]
lambda_99 = 0.437500 and welfare = 12385.319942 and x_l = [1, 1, 1, 1, 1, 1, 1, 1, 1, 1, 1, 1, 1, 1, 1, 1, 1, 1, 0, 1, 1, 1, 1, 1, 1, 0, 0, 0, 0, 1, 1, 1]
lambda_114 = 0.468750 and welfare = 1042.531121 and x_l = [0, 0, 0, 0, 0, 0, 0, 0, 0, 0, 0, 0, 0, 0, 0, 0, 0, 0, 0, 0, 0, 0, 0, 0, 0, 1, 1, 1, 1, 0, 0, 0]
lambda_115 = 0.031250 and welfare = 12567.651211 and x_l = [1, 1, 1, 1, 1, 1, 1, 1, 1, 1, 1, 1, 1, 1, 1, 1, 1, 1, 1, 1, 1, 1, 1, 1, 1, 0, 0, 0, 0, 1, 0, 1]
lambda_else = 0
Using 5 out of 197 integer solutions.
Expected social welfare: 6733.301688
Objective value of primal LP: 1.000000


