Analysis results no. 6

Ellipsoid method stopped in iteration 1000 because reached N.
Ellipsoid parameters: cut=shallow; eps=0.000000; N=1000; R=5.744563.
Ellipsoid performance: runtime=128.061511 sec.; constraint-cuts=573.

First iteration in which primal was feasible: 5.
In total 43 integer solutions where found, whereas 3 where used by primal.

Solution quality:
Expected social welfare=6733.301688
Absolute deviation=5087.183770
Variance=25884694.802203
Standard deviation=5087.700345
Coefficient of variation=0.755603

Distribution of constraint cuts:
cons_cuts=[2, 3, 5, 7, 9, 11, 13, 15, 17, 19, 21, 23, 25, 27, 29, 31, 33, 35, 36, 38, 40, 42, 43, 44, 46, 48, 50, 52, 54, 56, 58, 60, 62, 63, 65, 67, 69, 71, 73, 75, 77, 79, 81, 82, 84, 85, 87, 89, 91, 93, 94, 96, 98, 100, 102, 104, 106, 108, 110, 112, 114, 116, 118, 120, 121, 123, 125, 126, 127, 129, 131, 133, 135, 137, 139, 141, 143, 145, 146, 148, 150, 152, 154, 156, 158, 160, 162, 164, 166, 168, 169, 171, 172, 174, 175, 177, 179, 181, 183, 185, 187, 189, 191, 193, 195, 197, 198, 200, 202, 204, 206, 208, 210, 212, 213, 215, 216, 218, 219, 221, 223, 225, 227, 229, 231, 233, 234, 236, 238, 240, 242, 244, 246, 248, 250, 252, 254, 256, 257, 259, 260, 262, 263, 265, 267, 269, 271, 273, 274, 276, 278, 280, 282, 284, 286, 288, 290, 291, 293, 295, 297, 299, 301, 302, 304, 305, 307, 308, 310, 312, 314, 316, 318, 320, 321, 323, 325, 327, 329, 331, 333, 335, 337, 339, 340, 342, 344, 346, 347, 349, 351, 352, 354, 355, 357, 359, 361, 363, 364, 366, 368, 370, 372, 374, 376, 378, 379, 381, 383, 385, 387, 389, 391, 393, 394, 396, 397, 399, 400, 402, 404, 405, 407, 409, 411, 412, 414, 416, 418, 420, 422, 424, 426, 427, 429, 431, 433, 435, 437, 439, 440, 442, 444, 445, 447, 449, 450, 452, 453, 455, 457, 458, 460, 462, 464, 466, 467, 469, 471, 473, 475, 477, 479, 481, 483, 484, 486, 488, 490, 492, 493, 495, 497, 498, 500, 501, 503, 504, 506, 508, 510, 511, 513, 515, 517, 518, 520, 522, 524, 526, 528, 530, 532, 533, 535, 537, 539, 541, 543, 545, 546, 548, 550, 551, 553, 554, 556, 558, 559, 561, 562, 564, 566, 567, 569, 571, 572, 574, 576, 578, 579, 581, 583, 585, 587, 589, 591, 592, 594, 596, 598, 600, 601, 603, 605, 607, 608, 610, 611, 613, 615, 616, 618, 619, 621, 622, 624, 625, 627, 628, 630, 632, 633, 635, 637, 639, 640, 642, 644, 645, 647, 649, 651, 652, 654, 656, 657, 659, 661, 663, 665, 667, 668, 670, 672, 674, 676, 677, 679, 681, 682, 684, 686, 687, 689, 690, 692, 693, 695, 696, 698, 700, 701, 703, 704, 706, 708, 709, 711, 712, 714, 716, 717, 719, 721, 722, 724, 726, 727, 729, 731, 733, 734, 736, 738, 740, 742, 743, 745, 747, 749, 751, 752, 754, 756, 758, 759, 761, 762, 764, 766, 767, 769, 771, 772, 774, 775, 777, 779, 780, 782, 783, 785, 787, 788, 790, 792, 793, 795, 796, 798, 800, 801, 803, 804, 806, 807, 809, 810, 812, 813, 815, 817, 818, 820, 821, 823, 824, 826, 828, 829, 831, 832, 834, 836, 837, 839, 841, 843, 844, 846, 848, 849, 851, 853, 855, 857, 859, 861, 862, 864, 866, 868, 870, 872, 874, 875, 877, 879, 881, 883, 884, 886, 887, 889, 890, 892, 894, 896, 898, 899, 901, 902, 904, 906, 907, 909, 910, 912, 913, 915, 916, 918, 920, 921, 923, 924, 926, 928, 929, 931, 933, 934, 936, 937, 939, 940, 942, 944, 946, 948, 950, 951, 953, 954, 956, 957, 959, 961, 963, 964, 966, 967, 969, 971, 973, 974, 976, 977, 979, 981, 982, 984, 985, 987, 988, 990, 992, 994, 996, 997, 999, 1000];
Distribution of found integer solutions:
int_sols=[2, 3, 5, 9, 35, 36, 38, 42, 43, 129, 166, 307, 391, 393, 394, 399, 404, 405, 435, 449, 486, 503, 553, 556, 558, 559, 561, 562, 569, 600, 603, 607, 615, 644, 696, 708, 711, 714, 716, 785, 806, 883, 954];
Distribution of found duplicates:
int_dupl=[19, 56, 73, 93, 110, 200, 288, 355, 374, 411, 539, 578, 596, 663, 63, 81, 94, 121, 168, 212, 256, 262, 291, 301, 379, 545, 550, 564, 579, 592, 668, 689, 703, 752, 7, 44, 48, 50, 65, 67, 82, 87, 96, 98, 123, 127, 169, 174, 213, 216, 219, 223, 257, 260, 263, 267, 293, 302, 305, 308, 312, 347, 352, 357, 361, 381, 383, 414, 546, 548, 551, 566, 581, 594, 670, 672, 684, 704, 754, 756, 11, 13, 15, 17, 21, 23, 25, 27, 29, 31, 33, 54, 58, 60, 62, 69, 71, 75, 77, 79, 89, 91, 100, 102, 104, 106, 108, 112, 114, 116, 118, 120, 137, 139, 141, 143, 145, 148, 150, 152, 154, 156, 158, 160, 162, 164, 185, 187, 189, 191, 195, 197, 206, 208, 210, 229, 231, 233, 236, 238, 240, 242, 244, 248, 250, 252, 271, 273, 284, 286, 290, 299, 316, 318, 331, 333, 335, 337, 339, 368, 370, 372, 376, 378, 385, 387, 389, 418, 420, 422, 424, 437, 466, 469, 471, 477, 479, 481, 483, 526, 528, 530, 532, 535, 537, 541, 543, 574, 576, 587, 589, 591, 605, 639, 656, 659, 661, 665, 667, 740, 749, 837, 839, 848, 849, 853, 855, 857, 859, 861, 864, 866, 868, 870, 872, 874, 877, 879, 892, 894, 896, 942, 944, 946, 948, 959, 961, 971, 990, 992, 994, 183, 269, 429, 46, 274, 310, 321, 346, 354, 396, 412, 427, 452, 460, 511, 518, 727, 734, 40, 52, 131, 133, 135, 246, 276, 278, 280, 295, 314, 320, 323, 325, 327, 349, 416, 426, 431, 433, 450, 453, 462, 464, 490, 515, 517, 520, 522, 524, 583, 729, 731, 733, 736, 738, 751, 175, 198, 221, 340, 351, 359, 407, 719, 84, 85, 125, 126, 146, 171, 172, 215, 234, 259, 265, 304, 364, 467, 500, 533, 572, 618, 627, 657, 836, 851, 862, 875, 890, 940, 957, 988, 218, 177, 179, 181, 193, 202, 204, 225, 227, 254, 282, 297, 329, 342, 344, 363, 366, 475, 585, 633, 721, 742, 745, 747, 881, 743, 492, 497, 397, 400, 402, 409, 457, 458, 493, 495, 498, 501, 504, 513, 554, 455, 484, 508, 843, 439, 444, 440, 442, 445, 447, 473, 598, 649, 674, 832, 834, 846, 488, 506, 510, 841, 844, 831, 936, 695, 700, 787, 792, 795, 800, 803, 809, 924, 567, 608, 610, 613, 616, 619, 622, 625, 640, 647, 679, 682, 687, 690, 693, 761, 772, 774, 777, 780, 807, 810, 813, 815, 818, 821, 886, 899, 901, 904, 907, 910, 912, 915, 601, 652, 692, 762, 767, 916, 921, 933, 937, 950, 963, 967, 973, 977, 985, 996, 1000, 571, 632, 637, 826, 829, 630, 635, 828, 651, 676, 709, 712, 726, 928, 931, 628, 654, 758, 764, 766, 769, 918, 920, 923, 934, 939, 951, 953, 956, 964, 966, 969, 974, 976, 979, 982, 984, 987, 997, 999, 611, 621, 624, 642, 645, 677, 686, 759, 771, 775, 779, 812, 817, 820, 884, 887, 898, 902, 906, 913, 681, 909, 889, 698, 701, 706, 788, 790, 793, 796, 798, 801, 804, 926, 724, 929, 717, 722, 782, 824, 783, 823, 981];

Decomposition solution:
Meaning of solution vector: [P    35 [k=2 v=0] gets set {12}, P    57 [k=2 v=0] gets set {33}, P    67 [k=2 v=0] gets set {110}, P    99 [k=2 v=0] gets set {6}, P   104 [k=2 v=0] gets set {5}, P   144 [k=2 v=0] gets set {33}, P   162 [k=2 v=0] gets set {33}, P   259 [k=2 v=0] gets set {43}, P   286 [k=2 v=0] gets set {31}, P   351 [k=2 v=0] gets set {14}, P   366 [k=2 v=0] gets set {2}, P   386 [k=2 v=0] gets set {10}, P   390 [k=2 v=0] gets set {33}, P   419 [k=2 v=0] gets set {32}, P   431 [k=2 v=0] gets set {47}, P   507 [k=2 v=0] gets set {33}, P   555 [k=2 v=0] gets set {46}, P   557 [k=2 v=0] gets set {24}, P   558 [k=2 v=0] gets set {24}, P   563 [k=2 v=0] gets set {26}, P   578 [k=2 v=0] gets set {2}, P   586 [k=2 v=0] gets set {85}, P   669 [k=2 v=0] gets set {48}, P   691 [k=2 v=0] gets set {15}, P   701 [k=2 v=0] gets set {59}, P   707 [k=2 v=0] gets set {12}, P   738 [k=2 v=0] gets set {48}, P   785 [k=2 v=0] gets set {5}, P   823 [k=2 v=0] gets set {13}, P   831 [k=2 v=0] gets set {127}, P   914 [k=2 v=0] gets set {9}, P   919 [k=2 v=0] gets set {1}]
Probabilities and corresponding integer solution:
lambda_4 = 0.062500 and welfare = 12091.751644 and x_l = [1, 1, 1, 1, 1, 1, 1, 1, 1, 1, 1, 1, 1, 1, 1, 1, 1, 1, 1, 1, 1, 1, 1, 1, 1, 1, 1, 1, 1, 0, 1, 1]
lambda_5 = 0.500000 and welfare = 1646.117918 and x_l = [0, 0, 0, 0, 0, 0, 0, 0, 0, 0, 0, 0, 0, 0, 0, 0, 0, 0, 0, 0, 0, 0, 0, 0, 0, 0, 0, 0, 0, 1, 0, 0]
lambda_6 = 0.437500 and welfare = 11781.733145 and x_l = [1, 1, 1, 1, 1, 1, 1, 1, 1, 1, 1, 1, 1, 1, 1, 1, 1, 1, 0, 1, 1, 1, 1, 1, 1, 1, 1, 1, 1, 0, 1, 1]
lambda_else = 0
Using 3 out of 43 integer solutions.
Expected social welfare: 6733.301688
Objective value of primal LP: 1.000000


