Analysis results no. 17

Ellipsoid method stopped in iteration 1000 because reached N.
Ellipsoid parameters: cut=central; eps=0.000000; N=1000; R=5.744563.
Ellipsoid performance: runtime=144.314766 sec.; constraint-cuts=836.

First iteration in which primal was feasible: 45.
In total 78 integer solutions where found, whereas 6 where used by primal.

Solution quality:
Expected social welfare=6733.301688
Absolute deviation=5063.077659
Variance=26733029.142965
Standard deviation=5170.399321
Coefficient of variation=0.767885

Distribution of constraint cuts:
cons_cuts=[4, 5, 7, 9, 11, 13, 15, 17, 19, 21, 23, 25, 27, 29, 31, 33, 35, 37, 39, 40, 42, 43, 45, 46, 48, 49, 51, 52, 54, 55, 57, 59, 60, 62, 63, 65, 66, 68, 69, 71, 72, 73, 75, 76, 78, 79, 81, 82, 84, 85, 86, 88, 89, 90, 92, 93, 94, 96, 97, 98, 100, 101, 102, 104, 105, 107, 108, 109, 111, 112, 113, 115, 116, 117, 119, 120, 122, 123, 124, 126, 127, 128, 130, 131, 133, 134, 135, 137, 138, 140, 141, 142, 144, 145, 147, 148, 149, 151, 152, 154, 155, 156, 158, 159, 160, 161, 162, 164, 165, 166, 167, 169, 170, 171, 172, 174, 175, 176, 177, 178, 180, 181, 182, 183, 185, 186, 187, 188, 190, 191, 192, 194, 195, 196, 197, 199, 200, 201, 203, 204, 205, 206, 208, 209, 210, 211, 213, 214, 215, 216, 218, 219, 220, 221, 223, 224, 225, 226, 227, 229, 230, 231, 232, 233, 235, 236, 237, 238, 240, 241, 242, 243, 245, 246, 247, 248, 249, 251, 252, 253, 254, 256, 257, 258, 259, 261, 262, 263, 264, 266, 267, 268, 269, 271, 272, 273, 274, 275, 277, 278, 279, 280, 281, 283, 284, 285, 286, 287, 289, 290, 291, 292, 294, 295, 296, 297, 299, 300, 301, 302, 304, 305, 306, 307, 308, 310, 311, 312, 313, 315, 316, 317, 318, 319, 321, 322, 323, 324, 325, 327, 328, 329, 330, 331, 333, 334, 335, 336, 338, 339, 340, 341, 342, 344, 345, 346, 348, 349, 350, 351, 352, 354, 355, 356, 357, 358, 359, 360, 362, 363, 364, 365, 366, 367, 369, 370, 371, 372, 373, 375, 376, 377, 378, 379, 380, 382, 383, 384, 385, 386, 387, 389, 390, 391, 392, 393, 394, 396, 397, 398, 400, 401, 402, 403, 405, 406, 407, 408, 410, 411, 412, 414, 415, 416, 417, 418, 419, 420, 422, 423, 424, 425, 426, 427, 429, 430, 431, 432, 433, 434, 436, 437, 438, 439, 440, 441, 442, 444, 445, 446, 447, 448, 450, 451, 452, 453, 454, 455, 456, 457, 459, 460, 461, 462, 463, 464, 465, 466, 467, 468, 469, 470, 471, 472, 473, 474, 475, 476, 477, 478, 479, 480, 481, 482, 484, 485, 486, 487, 488, 489, 490, 491, 492, 493, 494, 495, 496, 497, 498, 500, 501, 502, 503, 504, 505, 506, 507, 508, 509, 510, 512, 513, 514, 515, 516, 517, 518, 519, 520, 521, 522, 524, 525, 526, 527, 528, 529, 530, 531, 532, 534, 535, 536, 537, 538, 539, 540, 541, 542, 544, 545, 546, 547, 548, 549, 550, 551, 553, 554, 555, 556, 557, 558, 559, 561, 562, 563, 564, 565, 566, 567, 569, 570, 571, 572, 573, 574, 575, 577, 578, 579, 580, 581, 582, 584, 585, 586, 587, 588, 589, 591, 592, 593, 594, 595, 597, 598, 599, 600, 601, 603, 604, 605, 606, 607, 608, 609, 610, 612, 613, 614, 615, 616, 617, 618, 620, 621, 622, 623, 624, 625, 626, 628, 629, 630, 631, 632, 633, 634, 635, 637, 638, 639, 640, 641, 643, 644, 645, 646, 647, 649, 650, 651, 652, 653, 655, 656, 657, 658, 659, 661, 662, 663, 664, 665, 667, 668, 669, 670, 671, 672, 673, 675, 676, 677, 678, 679, 680, 681, 682, 684, 685, 686, 687, 688, 689, 690, 691, 693, 694, 695, 696, 697, 698, 699, 700, 701, 703, 704, 705, 706, 707, 708, 709, 710, 711, 713, 714, 715, 716, 717, 718, 719, 721, 722, 723, 724, 725, 726, 727, 728, 730, 731, 732, 733, 734, 735, 736, 737, 738, 739, 741, 742, 743, 744, 745, 746, 747, 748, 749, 751, 752, 753, 754, 755, 756, 757, 759, 760, 761, 762, 763, 764, 766, 767, 768, 769, 770, 771, 773, 774, 775, 776, 777, 778, 779, 780, 782, 783, 784, 785, 786, 787, 788, 790, 791, 792, 793, 794, 795, 797, 798, 799, 800, 801, 802, 803, 805, 806, 807, 808, 809, 810, 811, 812, 814, 815, 816, 817, 818, 819, 820, 822, 823, 824, 825, 826, 827, 829, 830, 831, 832, 833, 834, 835, 836, 838, 839, 840, 841, 842, 843, 845, 846, 847, 848, 849, 850, 851, 853, 854, 855, 856, 857, 858, 859, 860, 862, 863, 864, 865, 866, 867, 868, 870, 871, 872, 873, 874, 875, 877, 878, 879, 880, 881, 882, 884, 885, 886, 887, 888, 889, 890, 892, 893, 894, 895, 896, 897, 898, 899, 901, 902, 903, 904, 905, 906, 907, 908, 910, 911, 912, 913, 914, 915, 916, 917, 918, 920, 921, 922, 923, 924, 925, 926, 927, 929, 930, 931, 932, 933, 934, 935, 937, 938, 939, 940, 941, 942, 943, 944, 945, 946, 947, 948, 949, 950, 951, 952, 953, 954, 955, 956, 957, 958, 959, 961, 962, 963, 964, 965, 966, 967, 968, 969, 970, 971, 972, 973, 974, 975, 976, 977, 978, 979, 980, 981, 982, 983, 984, 985, 986, 987, 988, 989, 990, 991, 992, 993, 994, 995, 996, 997, 998, 999, 1000];
Distribution of found integer solutions:
int_sols=[4, 5, 15, 40, 42, 43, 45, 46, 48, 66, 72, 81, 82, 84, 96, 100, 101, 112, 158, 159, 170, 171, 172, 183, 196, 208, 243, 456, 457, 459, 463, 464, 465, 466, 473, 474, 477, 478, 482, 506, 509, 514, 515, 517, 518, 521, 527, 547, 574, 604, 628, 693, 737, 775, 783, 806, 859, 937, 938, 939, 941, 942, 943, 944, 945, 947, 952, 962, 963, 964, 965, 966, 967, 968, 970, 975, 977, 981];
Distribution of found duplicates:
int_dupl=[63, 127, 141, 154, 219, 254, 422, 448, 755, 762, 7, 9, 11, 13, 17, 19, 21, 23, 25, 27, 31, 33, 35, 37, 39, 65, 73, 156, 185, 187, 190, 192, 195, 199, 201, 204, 249, 269, 289, 294, 297, 300, 302, 308, 311, 416, 432, 694, 774, 786, 845, 847, 29, 231, 348, 407, 414, 797, 59, 62, 69, 115, 117, 120, 123, 126, 128, 131, 134, 137, 140, 144, 147, 149, 152, 256, 258, 261, 263, 419, 423, 425, 427, 442, 445, 447, 759, 761, 764, 767, 800, 862, 864, 904, 68, 79, 164, 209, 211, 214, 216, 245, 267, 272, 438, 451, 705, 707, 722, 724, 726, 753, 905, 907, 910, 932, 266, 430, 440, 769, 57, 60, 71, 113, 116, 119, 122, 124, 130, 133, 135, 138, 142, 145, 148, 151, 257, 259, 262, 264, 420, 424, 426, 429, 441, 444, 446, 760, 763, 766, 768, 801, 860, 863, 51, 54, 75, 167, 205, 220, 236, 238, 241, 315, 317, 319, 323, 325, 328, 335, 338, 341, 344, 346, 352, 373, 394, 397, 401, 403, 406, 410, 412, 637, 639, 644, 646, 650, 652, 656, 658, 662, 664, 756, 770, 773, 793, 795, 867, 870, 878, 49, 52, 55, 76, 169, 206, 221, 235, 237, 240, 242, 313, 316, 318, 321, 324, 327, 329, 334, 336, 339, 342, 345, 351, 372, 392, 396, 398, 402, 405, 408, 411, 638, 640, 643, 645, 647, 651, 653, 657, 659, 663, 665, 757, 771, 791, 794, 865, 868, 871, 879, 78, 162, 210, 213, 215, 218, 246, 268, 273, 439, 450, 704, 706, 721, 723, 725, 754, 906, 908, 933, 155, 186, 188, 191, 194, 197, 200, 203, 230, 251, 271, 290, 296, 299, 301, 307, 310, 415, 431, 787, 846, 848, 274, 357, 903, 929, 85, 88, 90, 93, 98, 104, 107, 224, 226, 229, 275, 278, 280, 283, 286, 291, 359, 362, 364, 418, 672, 888, 86, 89, 92, 94, 97, 102, 105, 225, 227, 277, 279, 281, 284, 287, 292, 360, 363, 365, 417, 673, 918, 285, 366, 920, 108, 111, 165, 223, 247, 333, 350, 358, 371, 433, 437, 452, 455, 609, 613, 615, 617, 623, 625, 728, 889, 922, 924, 926, 109, 166, 248, 331, 349, 356, 370, 434, 436, 453, 454, 612, 614, 616, 622, 624, 738, 921, 923, 925, 927, 610, 618, 160, 232, 252, 306, 369, 391, 530, 739, 784, 799, 854, 856, 858, 896, 898, 901, 161, 253, 305, 367, 390, 695, 730, 785, 798, 853, 855, 857, 897, 899, 902, 375, 384, 174, 176, 178, 181, 233, 355, 376, 378, 380, 383, 386, 389, 512, 175, 177, 180, 182, 354, 377, 379, 382, 385, 387, 295, 304, 727, 911, 312, 322, 330, 340, 393, 400, 641, 649, 655, 661, 667, 792, 866, 872, 880, 469, 460, 462, 470, 472, 476, 513, 608, 776, 807, 809, 811, 815, 817, 819, 824, 461, 471, 475, 607, 805, 808, 810, 812, 816, 818, 820, 823, 467, 479, 484, 486, 488, 490, 492, 496, 498, 501, 503, 505, 508, 697, 699, 701, 709, 713, 715, 717, 892, 894, 930, 468, 480, 481, 485, 487, 489, 491, 493, 495, 497, 500, 502, 504, 507, 698, 700, 708, 710, 714, 716, 718, 893, 931, 522, 549, 551, 554, 569, 573, 696, 788, 949, 956, 958, 524, 531, 548, 550, 553, 567, 572, 790, 951, 957, 959, 520, 529, 535, 732, 734, 736, 741, 743, 745, 748, 751, 777, 803, 825, 510, 519, 526, 534, 536, 731, 733, 735, 742, 744, 746, 749, 752, 802, 826, 538, 540, 542, 545, 557, 559, 562, 575, 578, 580, 584, 586, 589, 592, 594, 598, 600, 539, 541, 544, 546, 555, 558, 561, 563, 577, 579, 582, 585, 587, 591, 593, 597, 599, 494, 711, 719, 950, 703, 851, 895, 603, 605, 779, 782, 912, 914, 916, 935, 516, 566, 571, 669, 676, 678, 680, 682, 686, 688, 690, 827, 831, 833, 835, 839, 841, 849, 882, 885, 565, 570, 668, 677, 679, 681, 685, 687, 689, 691, 830, 832, 834, 838, 840, 842, 881, 884, 886, 675, 684, 829, 836, 525, 532, 620, 626, 630, 632, 634, 671, 874, 877, 890, 528, 621, 629, 631, 633, 670, 850, 873, 875, 537, 747, 556, 564, 588, 961, 581, 595, 601, 606, 778, 780, 913, 915, 917, 934, 635, 843, 887, 814, 822, 940, 1000, 948, 946, 972, 974, 980, 982, 988, 990, 996, 998, 953, 954, 976, 955, 969, 971, 973, 978, 984, 986, 992, 994, 979, 985, 987, 993, 995, 983, 989, 991, 997, 999];

Decomposition solution:
Meaning of solution vector: [P    35 [k=2 v=0] gets set {12}, P    57 [k=2 v=0] gets set {33}, P    67 [k=2 v=0] gets set {110}, P    99 [k=2 v=0] gets set {6}, P   104 [k=2 v=0] gets set {5}, P   144 [k=2 v=0] gets set {33}, P   162 [k=2 v=0] gets set {33}, P   259 [k=2 v=0] gets set {43}, P   286 [k=2 v=0] gets set {31}, P   351 [k=2 v=0] gets set {14}, P   366 [k=2 v=0] gets set {2}, P   386 [k=2 v=0] gets set {10}, P   390 [k=2 v=0] gets set {33}, P   419 [k=2 v=0] gets set {32}, P   431 [k=2 v=0] gets set {47}, P   507 [k=2 v=0] gets set {33}, P   555 [k=2 v=0] gets set {46}, P   557 [k=2 v=0] gets set {24}, P   558 [k=2 v=0] gets set {24}, P   563 [k=2 v=0] gets set {26}, P   578 [k=2 v=0] gets set {2}, P   586 [k=2 v=0] gets set {85}, P   669 [k=2 v=0] gets set {48}, P   691 [k=2 v=0] gets set {15}, P   701 [k=2 v=0] gets set {59}, P   707 [k=2 v=0] gets set {12}, P   738 [k=2 v=0] gets set {48}, P   785 [k=2 v=0] gets set {5}, P   823 [k=2 v=0] gets set {13}, P   831 [k=2 v=0] gets set {127}, P   914 [k=2 v=0] gets set {9}, P   919 [k=2 v=0] gets set {1}]
Probabilities and corresponding integer solution:
lambda_19 = 0.187500 and welfare = 14.365184 and x_l = [0, 0, 0, 0, 0, 0, 0, 0, 0, 0, 0, 0, 0, 0, 0, 0, 0, 0, 0, 0, 0, 0, 0, 0, 0, 0, 0, 0, 0, 0, 0, 1]
lambda_40 = 0.187500 and welfare = 11457.740116 and x_l = [1, 1, 1, 1, 1, 1, 1, 1, 1, 1, 1, 1, 1, 1, 1, 1, 1, 1, 0, 1, 1, 1, 1, 1, 1, 1, 1, 1, 0, 0, 0, 0]
lambda_60 = 0.312500 and welfare = 2663.739337 and x_l = [0, 0, 0, 0, 0, 0, 0, 0, 0, 0, 0, 0, 0, 0, 0, 0, 0, 0, 0, 0, 0, 0, 0, 0, 0, 0, 1, 1, 1, 1, 1, 1]
lambda_61 = 0.062500 and welfare = 13029.875990 and x_l = [1, 1, 1, 1, 1, 1, 1, 1, 1, 1, 1, 1, 1, 1, 1, 1, 1, 1, 1, 1, 1, 1, 1, 1, 1, 1, 0, 0, 1, 1, 1, 0]
lambda_66 = 0.125000 and welfare = 12537.916876 and x_l = [1, 1, 1, 1, 1, 1, 1, 1, 1, 1, 1, 1, 1, 1, 1, 1, 1, 1, 0, 1, 1, 1, 1, 1, 1, 1, 0, 0, 0, 1, 1, 0]
lambda_76 = 0.125000 and welfare = 10946.052342 and x_l = [1, 1, 1, 1, 1, 1, 1, 1, 1, 1, 1, 1, 1, 1, 1, 1, 1, 1, 0, 1, 1, 1, 1, 1, 1, 1, 0, 0, 1, 0, 0, 0]
lambda_else = 0
Using 6 out of 78 integer solutions.
Expected social welfare: 6733.301688
Objective value of primal LP: 1.000000


