Analysis results no. 20

Ellipsoid method stopped in iteration 1000 because reached N.
Ellipsoid parameters: cut=central; eps=0.000000; N=1000; R=4.472136.
Ellipsoid performance: runtime=53.618276 sec.; constraint-cuts=755.

First iteration in which primal was feasible: 89.
In total 3 integer solutions where found, whereas 3 where used by primal.

Solution quality:
Expected social welfare=6564.435172
Absolute deviation=5253.539672
Variance=28150249.483955
Standard deviation=5305.680869
Coefficient of variation=0.808246

Distribution of constraint cuts:
cons_cuts=[1, 2, 3, 4, 5, 6, 7, 8, 9, 10, 11, 12, 13, 14, 15, 16, 17, 18, 19, 20, 21, 22, 23, 24, 25, 26, 27, 28, 29, 30, 31, 32, 33, 34, 35, 36, 37, 38, 39, 40, 41, 42, 43, 44, 45, 46, 47, 48, 50, 51, 53, 55, 56, 58, 60, 61, 63, 64, 66, 67, 69, 71, 72, 74, 75, 77, 78, 80, 81, 83, 84, 86, 87, 89, 90, 92, 93, 95, 96, 98, 99, 100, 102, 103, 105, 106, 108, 109, 111, 112, 113, 115, 116, 118, 119, 120, 122, 123, 125, 126, 127, 129, 130, 131, 133, 134, 136, 137, 138, 140, 141, 142, 144, 145, 147, 148, 149, 151, 152, 153, 155, 156, 158, 159, 160, 162, 163, 164, 166, 167, 168, 170, 171, 172, 174, 175, 176, 178, 179, 181, 182, 183, 185, 186, 187, 189, 190, 191, 193, 194, 195, 197, 198, 199, 201, 202, 203, 205, 206, 207, 209, 210, 211, 213, 214, 215, 217, 218, 219, 221, 222, 223, 225, 226, 227, 229, 230, 231, 233, 234, 235, 237, 238, 239, 241, 242, 243, 245, 246, 247, 249, 250, 251, 253, 254, 255, 257, 258, 259, 261, 262, 263, 265, 266, 268, 269, 270, 271, 273, 274, 275, 277, 278, 279, 281, 282, 283, 285, 286, 288, 289, 290, 291, 293, 294, 295, 297, 298, 299, 301, 302, 303, 305, 306, 307, 309, 310, 311, 313, 314, 315, 317, 318, 319, 321, 322, 323, 325, 326, 327, 329, 330, 331, 333, 334, 335, 337, 338, 339, 341, 342, 343, 345, 346, 347, 349, 350, 351, 353, 354, 355, 357, 358, 359, 361, 362, 363, 365, 366, 367, 369, 370, 371, 373, 374, 375, 377, 378, 379, 381, 382, 383, 385, 386, 387, 389, 390, 391, 393, 394, 395, 397, 398, 399, 401, 402, 403, 405, 406, 407, 409, 410, 411, 413, 414, 415, 417, 418, 419, 421, 422, 423, 425, 426, 427, 429, 430, 431, 433, 434, 435, 437, 438, 439, 441, 442, 443, 444, 446, 447, 449, 450, 451, 452, 454, 455, 456, 458, 459, 460, 462, 463, 464, 466, 467, 468, 470, 471, 472, 474, 475, 476, 478, 479, 481, 482, 483, 484, 486, 487, 488, 490, 491, 492, 494, 495, 496, 498, 499, 500, 502, 503, 504, 506, 507, 508, 510, 511, 512, 514, 515, 516, 518, 519, 520, 522, 523, 524, 526, 527, 528, 530, 531, 532, 534, 535, 536, 538, 539, 540, 542, 543, 544, 546, 547, 548, 550, 551, 552, 554, 555, 556, 558, 559, 560, 562, 563, 564, 566, 567, 568, 570, 571, 572, 574, 575, 576, 578, 579, 580, 582, 583, 584, 586, 587, 588, 590, 591, 592, 594, 595, 596, 598, 599, 600, 601, 603, 604, 605, 607, 608, 610, 611, 612, 613, 615, 616, 617, 619, 620, 621, 623, 624, 626, 627, 628, 629, 631, 632, 633, 635, 636, 637, 639, 640, 641, 643, 644, 645, 647, 648, 649, 651, 652, 653, 655, 656, 657, 659, 660, 661, 663, 664, 665, 667, 668, 669, 671, 672, 673, 675, 676, 677, 679, 680, 681, 683, 684, 685, 687, 688, 689, 691, 692, 693, 695, 696, 697, 699, 700, 701, 703, 704, 705, 707, 708, 709, 711, 712, 713, 715, 716, 717, 719, 720, 721, 723, 724, 725, 727, 728, 729, 731, 732, 733, 735, 736, 737, 739, 740, 741, 743, 744, 745, 747, 748, 749, 751, 752, 753, 755, 756, 757, 759, 760, 761, 763, 764, 765, 767, 768, 769, 771, 772, 773, 775, 776, 777, 778, 780, 781, 783, 784, 785, 786, 788, 789, 790, 792, 793, 794, 796, 797, 798, 800, 801, 802, 804, 805, 806, 808, 809, 810, 812, 813, 814, 816, 817, 818, 820, 821, 822, 824, 825, 826, 828, 829, 830, 832, 833, 834, 836, 837, 838, 840, 841, 842, 844, 845, 846, 848, 849, 850, 852, 853, 854, 856, 857, 858, 860, 861, 862, 864, 865, 866, 868, 869, 870, 872, 873, 874, 876, 877, 878, 880, 881, 882, 884, 885, 886, 888, 889, 890, 892, 893, 894, 896, 897, 898, 900, 901, 902, 904, 905, 906, 908, 909, 910, 912, 913, 914, 916, 917, 918, 920, 921, 922, 924, 925, 926, 928, 929, 930, 932, 933, 934, 936, 937, 938, 940, 941, 942, 944, 945, 946, 947, 949, 950, 951, 953, 954, 955, 957, 958, 959, 961, 962, 963, 965, 966, 967, 969, 970, 972, 973, 974, 975, 977, 978, 979, 981, 982, 983, 985, 986, 987, 989, 990, 991, 993, 994, 995, 997, 998, 999];
Distribution of found integer solutions:
int_sols=[1, 50, 89];
Distribution of found duplicates:
int_dupl=[2, 3, 4, 5, 6, 7, 8, 9, 10, 11, 12, 13, 14, 15, 16, 17, 18, 19, 20, 21, 22, 23, 24, 25, 26, 27, 28, 29, 30, 31, 32, 33, 34, 35, 36, 37, 38, 39, 40, 41, 42, 43, 44, 45, 46, 47, 48, 51, 55, 60, 63, 66, 71, 74, 77, 80, 84, 87, 93, 98, 102, 106, 112, 116, 120, 125, 129, 133, 137, 138, 145, 149, 153, 158, 162, 166, 170, 174, 178, 182, 186, 190, 194, 198, 202, 206, 210, 214, 218, 222, 226, 230, 234, 238, 241, 243, 250, 254, 258, 259, 266, 270, 273, 275, 282, 286, 289, 291, 298, 302, 303, 310, 313, 315, 322, 323, 330, 334, 335, 342, 343, 350, 351, 358, 361, 363, 370, 371, 378, 379, 386, 387, 394, 395, 402, 403, 410, 411, 418, 419, 426, 427, 434, 435, 442, 443, 447, 452, 456, 459, 466, 467, 471, 475, 482, 483, 490, 491, 495, 502, 503, 510, 511, 515, 519, 526, 527, 534, 535, 539, 543, 550, 554, 555, 559, 563, 570, 571, 575, 582, 583, 590, 591, 595, 599, 605, 607, 611, 615, 621, 623, 629, 631, 635, 641, 643, 647, 651, 657, 659, 663, 667, 671, 677, 679, 683, 689, 691, 695, 699, 703, 709, 711, 717, 719, 723, 727, 731, 737, 739, 743, 749, 751, 755, 759, 763, 769, 771, 775, 778, 785, 786, 790, 794, 798, 805, 806, 813, 814, 818, 825, 826, 833, 834, 838, 845, 846, 853, 854, 858, 865, 866, 873, 874, 878, 885, 886, 893, 894, 901, 902, 906, 913, 914, 921, 922, 929, 930, 934, 941, 942, 946, 950, 957, 958, 962, 969, 970, 974, 981, 982, 986, 990, 997, 998, 53, 56, 58, 61, 64, 67, 69, 72, 75, 78, 81, 83, 86, 90, 95, 99, 103, 108, 111, 115, 119, 123, 127, 130, 134, 141, 142, 147, 151, 155, 159, 163, 167, 171, 175, 179, 183, 187, 191, 195, 199, 203, 207, 211, 215, 219, 223, 227, 231, 235, 239, 245, 247, 251, 255, 261, 263, 268, 271, 277, 279, 283, 288, 293, 295, 299, 305, 307, 311, 317, 319, 325, 327, 331, 337, 339, 345, 347, 353, 355, 359, 365, 367, 373, 375, 381, 383, 389, 391, 397, 399, 405, 407, 413, 415, 421, 423, 429, 431, 437, 439, 444, 449, 451, 455, 460, 463, 468, 472, 476, 479, 486, 487, 492, 496, 499, 506, 507, 512, 516, 520, 523, 530, 531, 536, 540, 546, 547, 551, 556, 560, 566, 567, 572, 576, 579, 586, 587, 592, 596, 601, 603, 608, 612, 617, 619, 624, 627, 632, 637, 639, 644, 648, 652, 655, 660, 664, 668, 673, 675, 680, 684, 687, 692, 696, 700, 705, 707, 712, 715, 720, 724, 728, 732, 735, 741, 744, 747, 752, 756, 760, 765, 767, 772, 776, 780, 783, 789, 792, 796, 800, 802, 809, 810, 816, 821, 822, 828, 830, 837, 840, 842, 849, 850, 856, 861, 862, 868, 870, 877, 880, 882, 889, 890, 897, 898, 904, 909, 910, 916, 918, 925, 926, 932, 937, 938, 944, 947, 951, 954, 959, 965, 966, 973, 975, 978, 983, 987, 993, 994, 999, 92, 96, 100, 105, 109, 113, 118, 122, 126, 131, 136, 140, 144, 148, 152, 156, 160, 164, 168, 172, 176, 181, 185, 189, 193, 197, 201, 205, 209, 213, 217, 221, 225, 229, 233, 237, 242, 246, 249, 253, 257, 262, 265, 269, 274, 278, 281, 285, 290, 294, 297, 301, 306, 309, 314, 318, 321, 326, 329, 333, 338, 341, 346, 349, 354, 357, 362, 366, 369, 374, 377, 382, 385, 390, 393, 398, 401, 406, 409, 414, 417, 422, 425, 430, 433, 438, 441, 446, 450, 454, 458, 462, 464, 470, 474, 478, 481, 484, 488, 494, 498, 500, 504, 508, 514, 518, 522, 524, 528, 532, 538, 542, 544, 548, 552, 558, 562, 564, 568, 574, 578, 580, 584, 588, 594, 598, 600, 604, 610, 613, 616, 620, 626, 628, 633, 636, 640, 645, 649, 653, 656, 661, 665, 669, 672, 676, 681, 685, 688, 693, 697, 701, 704, 708, 713, 716, 721, 725, 729, 733, 736, 740, 745, 748, 753, 757, 761, 764, 768, 773, 777, 781, 784, 788, 793, 797, 801, 804, 808, 812, 817, 820, 824, 829, 832, 836, 841, 844, 848, 852, 857, 860, 864, 869, 872, 876, 881, 884, 888, 892, 896, 900, 905, 908, 912, 917, 920, 924, 928, 933, 936, 940, 945, 949, 953, 955, 961, 963, 967, 972, 977, 979, 985, 989, 991, 995];

Decomposition solution:
Meaning of solution vector: [P   113 [k=1 v=0] gets set {12}, P   120 [k=1 v=0] gets set {51}, P   146 [k=1 v=0] gets set {10}, P   225 [k=1 v=0] gets set {24}, P   229 [k=1 v=0] gets set {38}, P   347 [k=1 v=0] gets set {34}, P   384 [k=1 v=0] gets set {85}, P   464 [k=1 v=0] gets set {97}, P   478 [k=1 v=0] gets set {2}, P   639 [k=1 v=0] gets set {34}, P   684 [k=1 v=0] gets set {57}, P   696 [k=1 v=0] gets set {60}, P   699 [k=1 v=0] gets set {82}, P   755 [k=1 v=0] gets set {19}, P   760 [k=1 v=0] gets set {59}, P   816 [k=1 v=0] gets set {78}, P   901 [k=1 v=0] gets set {94}, P   922 [k=1 v=0] gets set {61}, P   989 [k=1 v=0] gets set {169}]
Probabilities and corresponding integer solution:
lambda_0 = 0.500000 and welfare = 11817.974844 and x_l = [1, 1, 1, 1, 1, 1, 1, 1, 1, 1, 1, 1, 1, 1, 1, 1, 1, 1, 0]
lambda_1 = 0.304734 and welfare = 2150.886792 and x_l = [0, 0, 0, 0, 0, 0, 0, 0, 0, 0, 0, 0, 0, 0, 0, 0, 0, 0, 1]
lambda_2 = 0.195266 and welfare = 0.000000 and x_l = [0, 0, 0, 0, 0, 0, 0, 0, 0, 0, 0, 0, 0, 0, 0, 0, 0, 0, 0]
lambda_else = 0
Using 3 out of 3 integer solutions.
Expected social welfare: 6564.435172
Objective value of primal LP: 1.000000


