Analysis results no. 3

Ellipsoid method stopped in iteration 1000 because reached N.
Ellipsoid parameters: cut=central; eps=0.000000; N=1000; R=4.472136.
Ellipsoid performance: runtime=46.125835 sec.; constraint-cuts=777.

First iteration in which primal was feasible: 19.
In total 7 integer solutions where found, whereas 4 where used by primal.

Solution quality:
Expected social welfare=6564.435172
Absolute deviation=4027.854464
Variance=18766388.431549
Standard deviation=4332.018979
Coefficient of variation=0.659923

Distribution of constraint cuts:
cons_cuts=[2, 3, 5, 7, 9, 11, 12, 14, 16, 18, 19, 21, 23, 24, 26, 28, 29, 31, 32, 34, 35, 37, 39, 40, 42, 43, 45, 46, 48, 49, 51, 53, 54, 56, 57, 58, 60, 62, 63, 65, 66, 67, 69, 70, 72, 73, 75, 76, 77, 79, 80, 82, 83, 84, 86, 87, 88, 89, 90, 91, 93, 94, 95, 96, 98, 99, 100, 102, 103, 104, 105, 107, 108, 110, 111, 112, 114, 115, 117, 118, 119, 121, 122, 123, 125, 126, 128, 129, 130, 132, 133, 134, 136, 137, 139, 140, 141, 143, 144, 145, 147, 148, 149, 151, 152, 154, 155, 156, 157, 158, 160, 161, 162, 164, 165, 166, 167, 168, 169, 170, 172, 173, 174, 176, 177, 178, 180, 181, 182, 183, 185, 186, 187, 188, 189, 190, 192, 193, 194, 196, 197, 198, 200, 201, 202, 204, 205, 206, 208, 209, 210, 212, 213, 214, 216, 217, 218, 219, 220, 222, 223, 224, 225, 226, 228, 229, 230, 232, 233, 234, 235, 237, 238, 239, 240, 241, 243, 244, 245, 246, 247, 249, 250, 251, 253, 254, 255, 257, 258, 260, 261, 262, 263, 265, 266, 267, 268, 269, 270, 272, 273, 274, 276, 277, 278, 280, 281, 282, 284, 285, 286, 287, 288, 289, 290, 291, 292, 293, 294, 296, 297, 298, 299, 300, 302, 303, 304, 305, 306, 307, 309, 310, 311, 312, 313, 314, 315, 317, 318, 319, 320, 321, 322, 323, 325, 326, 327, 328, 329, 330, 332, 333, 334, 336, 337, 338, 339, 340, 341, 343, 344, 345, 346, 347, 348, 350, 351, 352, 353, 355, 356, 357, 359, 360, 361, 362, 363, 365, 366, 367, 369, 370, 371, 372, 373, 374, 376, 377, 378, 379, 380, 381, 383, 384, 385, 386, 388, 389, 390, 392, 393, 394, 395, 396, 398, 399, 400, 401, 402, 403, 405, 406, 407, 409, 410, 411, 412, 414, 415, 416, 417, 418, 420, 421, 422, 424, 425, 426, 428, 429, 430, 431, 432, 434, 435, 436, 437, 439, 440, 441, 442, 444, 445, 446, 447, 449, 450, 451, 452, 454, 455, 456, 458, 459, 460, 462, 463, 464, 465, 466, 467, 469, 470, 471, 472, 474, 475, 476, 478, 479, 480, 481, 483, 484, 485, 487, 488, 490, 491, 492, 493, 495, 496, 497, 499, 500, 501, 503, 504, 505, 507, 508, 509, 511, 512, 513, 515, 516, 517, 519, 520, 521, 523, 524, 525, 527, 528, 529, 531, 532, 533, 535, 536, 537, 539, 540, 541, 542, 543, 544, 546, 547, 548, 550, 551, 552, 554, 555, 556, 558, 559, 560, 562, 563, 564, 566, 567, 568, 570, 571, 572, 573, 575, 576, 577, 579, 580, 581, 582, 584, 585, 586, 587, 588, 590, 591, 592, 594, 595, 596, 598, 599, 600, 602, 603, 604, 605, 607, 608, 609, 611, 612, 613, 615, 616, 617, 619, 620, 621, 623, 624, 625, 627, 628, 629, 631, 632, 633, 635, 636, 637, 639, 640, 641, 643, 644, 645, 647, 648, 649, 651, 652, 653, 654, 655, 656, 657, 659, 660, 661, 663, 664, 665, 667, 668, 669, 671, 672, 673, 675, 676, 677, 678, 679, 681, 682, 683, 684, 685, 687, 688, 689, 691, 692, 693, 695, 696, 697, 699, 700, 701, 702, 703, 704, 706, 707, 708, 709, 710, 711, 712, 714, 715, 716, 717, 719, 720, 721, 723, 724, 725, 727, 728, 729, 731, 732, 733, 735, 736, 737, 739, 740, 741, 743, 744, 745, 747, 748, 749, 751, 752, 753, 755, 756, 757, 758, 759, 760, 761, 763, 764, 765, 767, 768, 769, 771, 772, 773, 774, 775, 776, 777, 779, 780, 781, 783, 784, 785, 787, 788, 789, 791, 792, 793, 794, 795, 796, 797, 798, 799, 800, 802, 803, 804, 805, 806, 807, 808, 810, 811, 812, 813, 815, 816, 817, 819, 820, 821, 823, 824, 825, 827, 828, 829, 831, 832, 833, 835, 836, 837, 839, 840, 841, 843, 844, 845, 847, 848, 849, 851, 852, 853, 855, 856, 857, 859, 860, 861, 862, 863, 864, 865, 867, 868, 869, 871, 872, 873, 875, 876, 877, 879, 880, 881, 883, 884, 885, 887, 888, 889, 890, 891, 892, 893, 894, 895, 896, 897, 899, 900, 901, 903, 904, 905, 907, 908, 909, 911, 912, 913, 915, 916, 917, 918, 920, 921, 922, 924, 925, 926, 928, 929, 931, 932, 933, 934, 936, 937, 938, 940, 941, 942, 944, 945, 946, 948, 949, 950, 952, 953, 954, 956, 957, 958, 960, 961, 962, 964, 965, 966, 968, 969, 970, 972, 973, 974, 975, 976, 977, 978, 979, 980, 981, 982, 984, 985, 986, 988, 989, 990, 992, 993, 994, 996, 997, 998, 1000];
Distribution of found integer solutions:
int_sols=[2, 3, 19, 75, 76, 84, 87];
Distribution of found duplicates:
int_dupl=[5, 7, 9, 11, 14, 16, 18, 21, 24, 26, 29, 32, 35, 37, 40, 43, 46, 49, 53, 56, 58, 62, 65, 67, 70, 73, 79, 83, 95, 100, 105, 108, 112, 115, 119, 123, 126, 130, 133, 136, 140, 144, 147, 151, 155, 161, 170, 174, 178, 185, 190, 194, 200, 202, 206, 210, 214, 220, 226, 230, 237, 243, 249, 253, 254, 258, 268, 272, 276, 280, 284, 300, 305, 315, 332, 336, 343, 353, 357, 362, 366, 374, 385, 389, 394, 405, 409, 414, 420, 422, 428, 435, 437, 444, 447, 454, 458, 462, 469, 475, 479, 483, 484, 490, 492, 497, 501, 503, 507, 511, 516, 520, 523, 525, 529, 533, 543, 547, 551, 555, 559, 563, 564, 571, 572, 576, 586, 590, 594, 598, 602, 604, 608, 613, 616, 620, 625, 628, 632, 636, 641, 644, 648, 657, 661, 665, 668, 672, 683, 684, 689, 692, 696, 710, 714, 717, 720, 725, 728, 733, 736, 740, 745, 748, 752, 761, 765, 768, 777, 781, 784, 788, 806, 810, 813, 817, 820, 825, 828, 832, 837, 840, 844, 849, 852, 856, 865, 869, 872, 877, 880, 884, 897, 901, 904, 909, 912, 916, 921, 924, 928, 933, 936, 940, 945, 948, 953, 956, 960, 964, 969, 972, 984, 988, 992, 996, 1000, 12, 23, 28, 34, 39, 45, 51, 54, 60, 63, 69, 77, 82, 107, 110, 114, 118, 121, 125, 129, 132, 137, 141, 145, 148, 152, 160, 167, 173, 177, 183, 192, 196, 198, 204, 208, 212, 218, 225, 228, 235, 238, 247, 251, 255, 261, 262, 270, 274, 278, 282, 299, 330, 334, 352, 356, 363, 367, 384, 388, 403, 407, 418, 424, 426, 436, 445, 452, 456, 460, 474, 478, 481, 485, 488, 493, 496, 500, 504, 508, 512, 515, 519, 524, 528, 532, 535, 537, 546, 550, 554, 558, 560, 567, 568, 573, 579, 580, 588, 592, 596, 600, 605, 609, 612, 617, 621, 624, 629, 633, 637, 640, 645, 649, 652, 660, 664, 669, 673, 676, 685, 688, 693, 697, 700, 712, 716, 721, 724, 729, 732, 737, 741, 744, 749, 753, 756, 764, 769, 772, 780, 785, 789, 792, 808, 812, 816, 821, 824, 829, 833, 836, 841, 845, 848, 853, 857, 860, 868, 873, 876, 881, 885, 888, 900, 905, 908, 913, 917, 920, 925, 929, 932, 937, 941, 944, 949, 952, 957, 961, 965, 968, 981, 985, 989, 993, 997, 31, 42, 48, 57, 66, 72, 80, 94, 99, 104, 111, 117, 122, 128, 134, 139, 143, 149, 154, 158, 172, 176, 182, 193, 197, 201, 205, 209, 213, 219, 224, 229, 234, 241, 246, 250, 257, 260, 269, 273, 277, 281, 298, 304, 309, 314, 319, 329, 333, 341, 351, 355, 361, 365, 373, 383, 386, 393, 402, 406, 412, 417, 421, 425, 434, 439, 442, 446, 451, 455, 459, 467, 472, 476, 480, 487, 491, 495, 499, 505, 509, 513, 517, 521, 527, 531, 536, 544, 548, 552, 556, 562, 566, 570, 575, 577, 587, 591, 595, 599, 603, 607, 611, 615, 619, 623, 627, 631, 635, 639, 643, 647, 651, 659, 663, 667, 671, 675, 682, 687, 691, 695, 699, 711, 715, 719, 723, 727, 731, 735, 739, 743, 747, 751, 755, 763, 767, 771, 779, 783, 787, 791, 807, 811, 815, 819, 823, 827, 831, 835, 839, 843, 847, 851, 855, 859, 867, 871, 875, 879, 883, 887, 899, 903, 907, 911, 915, 918, 922, 926, 931, 934, 938, 942, 946, 950, 954, 958, 962, 966, 970, 982, 986, 990, 994, 998, 86, 89, 96, 103, 156, 164, 181, 216, 244, 286, 289, 292, 296, 307, 311, 313, 318, 320, 328, 337, 350, 360, 369, 381, 392, 395, 398, 416, 432, 440, 450, 466, 470, 973, 976, 978, 979, 93, 98, 102, 157, 187, 217, 222, 232, 245, 303, 306, 310, 317, 321, 325, 340, 344, 346, 372, 376, 378, 401, 411, 415, 429, 441, 449, 463, 471, 974, 975, 977, 980, 88, 90, 162, 166, 169, 180, 188, 239, 263, 267, 285, 288, 290, 291, 294, 297, 312, 322, 327, 338, 348, 359, 370, 380, 390, 396, 399, 431, 465, 540, 541, 582, 584, 654, 655, 677, 681, 702, 703, 706, 709, 758, 759, 773, 776, 794, 795, 797, 800, 803, 804, 861, 864, 890, 891, 893, 896, 91, 165, 168, 186, 189, 223, 233, 240, 265, 266, 287, 293, 302, 323, 326, 339, 345, 347, 371, 377, 379, 400, 410, 430, 464, 539, 542, 581, 585, 653, 656, 678, 679, 701, 704, 707, 708, 757, 760, 774, 775, 793, 796, 798, 799, 802, 805, 862, 863, 889, 892, 894, 895];

Decomposition solution:
Meaning of solution vector: [P   113 [k=1 v=0] gets set {12}, P   120 [k=1 v=0] gets set {51}, P   146 [k=1 v=0] gets set {10}, P   225 [k=1 v=0] gets set {24}, P   229 [k=1 v=0] gets set {38}, P   347 [k=1 v=0] gets set {34}, P   384 [k=1 v=0] gets set {85}, P   464 [k=1 v=0] gets set {97}, P   478 [k=1 v=0] gets set {2}, P   639 [k=1 v=0] gets set {34}, P   684 [k=1 v=0] gets set {57}, P   696 [k=1 v=0] gets set {60}, P   699 [k=1 v=0] gets set {82}, P   755 [k=1 v=0] gets set {19}, P   760 [k=1 v=0] gets set {59}, P   816 [k=1 v=0] gets set {78}, P   901 [k=1 v=0] gets set {94}, P   922 [k=1 v=0] gets set {61}, P   989 [k=1 v=0] gets set {169}]
Probabilities and corresponding integer solution:
lambda_0 = 0.195266 and welfare = 11817.974844 and x_l = [1, 1, 1, 1, 1, 1, 1, 1, 1, 1, 1, 1, 1, 1, 1, 1, 1, 1, 0]
lambda_2 = 0.195266 and welfare = 0.000000 and x_l = [0, 0, 0, 0, 0, 0, 0, 0, 0, 0, 0, 0, 0, 0, 0, 0, 0, 0, 0]
lambda_4 = 0.304734 and welfare = 4161.962520 and x_l = [0, 0, 0, 0, 0, 0, 0, 0, 0, 0, 0, 0, 0, 0, 0, 0, 1, 1, 1]
lambda_6 = 0.304734 and welfare = 9806.899115 and x_l = [1, 1, 1, 1, 1, 1, 1, 1, 1, 1, 1, 1, 1, 1, 1, 1, 0, 0, 0]
lambda_else = 0
Using 4 out of 7 integer solutions.
Expected social welfare: 6564.435172
Objective value of primal LP: 1.000000


