Analysis results no. 6

Ellipsoid method stopped in iteration 1000 because reached N.
Ellipsoid parameters: cut=shallow; eps=0.000000; N=1000; R=4.472136.
Ellipsoid performance: runtime=43.100794 sec.; constraint-cuts=621.

First iteration in which primal was feasible: 29.
In total 15 integer solutions where found, whereas 5 where used by primal.

Solution quality:
Expected social welfare=6564.435172
Absolute deviation=4926.859217
Variance=26658616.757448
Standard deviation=5163.198307
Coefficient of variation=0.786541

Distribution of constraint cuts:
cons_cuts=[2, 3, 5, 7, 9, 11, 13, 15, 17, 19, 21, 23, 24, 26, 28, 29, 31, 33, 35, 37, 39, 40, 42, 44, 46, 48, 50, 52, 53, 55, 57, 58, 60, 62, 64, 66, 68, 70, 72, 73, 75, 77, 79, 81, 83, 84, 86, 87, 89, 91, 93, 95, 97, 99, 101, 102, 104, 106, 108, 110, 111, 113, 115, 116, 118, 120, 122, 124, 126, 127, 129, 131, 133, 135, 137, 139, 140, 142, 144, 145, 147, 148, 150, 152, 154, 156, 158, 160, 162, 163, 165, 167, 169, 171, 172, 174, 176, 177, 179, 181, 182, 184, 186, 188, 190, 192, 194, 195, 197, 199, 201, 203, 204, 206, 208, 209, 211, 212, 214, 215, 217, 219, 221, 223, 224, 226, 228, 230, 232, 233, 235, 237, 239, 241, 242, 244, 245, 247, 249, 250, 252, 253, 255, 257, 258, 260, 262, 263, 265, 267, 269, 271, 273, 274, 276, 278, 280, 281, 283, 285, 286, 288, 290, 291, 293, 294, 296, 297, 299, 301, 302, 304, 305, 307, 309, 310, 312, 314, 316, 317, 319, 321, 322, 324, 326, 328, 329, 331, 333, 335, 336, 338, 340, 341, 343, 345, 346, 348, 349, 351, 353, 354, 356, 358, 359, 361, 363, 364, 366, 368, 369, 371, 372, 374, 376, 377, 379, 380, 382, 384, 385, 387, 389, 390, 392, 394, 396, 397, 399, 401, 403, 404, 406, 408, 410, 411, 413, 415, 416, 418, 420, 421, 423, 424, 426, 427, 429, 431, 432, 434, 436, 437, 439, 440, 442, 443, 445, 447, 449, 450, 452, 453, 455, 456, 458, 460, 461, 463, 464, 466, 467, 469, 471, 472, 474, 476, 477, 479, 480, 482, 483, 485, 487, 488, 490, 491, 493, 494, 496, 498, 499, 501, 502, 504, 506, 507, 509, 510, 512, 513, 515, 517, 518, 520, 521, 523, 524, 526, 527, 529, 530, 532, 533, 535, 537, 538, 540, 542, 544, 545, 547, 548, 550, 552, 553, 555, 556, 558, 559, 561, 562, 564, 566, 567, 569, 570, 572, 574, 575, 577, 579, 580, 582, 583, 585, 586, 588, 589, 591, 592, 594, 596, 597, 599, 600, 602, 604, 605, 607, 609, 610, 612, 613, 615, 616, 618, 619, 621, 622, 624, 625, 627, 628, 630, 631, 633, 634, 636, 637, 639, 641, 642, 644, 645, 647, 649, 650, 652, 653, 655, 656, 658, 659, 661, 663, 664, 666, 667, 669, 671, 672, 674, 676, 677, 679, 680, 682, 683, 685, 687, 688, 690, 691, 693, 694, 696, 697, 699, 700, 702, 703, 704, 706, 708, 709, 711, 712, 714, 715, 717, 719, 720, 722, 723, 725, 727, 728, 730, 731, 733, 735, 736, 738, 739, 741, 742, 744, 745, 747, 748, 750, 751, 753, 755, 756, 758, 759, 761, 763, 764, 765, 767, 768, 770, 772, 773, 775, 776, 778, 780, 781, 783, 784, 786, 787, 789, 791, 792, 794, 795, 797, 798, 800, 802, 803, 805, 806, 808, 809, 811, 813, 814, 816, 817, 819, 820, 822, 824, 825, 827, 828, 830, 831, 833, 834, 836, 837, 839, 840, 842, 843, 845, 846, 848, 849, 851, 852, 853, 855, 857, 858, 859, 861, 862, 864, 865, 867, 868, 869, 871, 872, 874, 875, 877, 878, 880, 881, 883, 884, 886, 887, 889, 891, 892, 893, 895, 896, 897, 899, 901, 902, 903, 905, 906, 907, 909, 910, 912, 913, 915, 916, 917, 919, 920, 922, 923, 924, 926, 927, 929, 930, 931, 933, 934, 935, 937, 938, 939, 941, 942, 943, 945, 946, 948, 949, 950, 952, 953, 954, 956, 957, 958, 960, 961, 962, 964, 965, 967, 968, 969, 971, 972, 973, 975, 976, 978, 979, 981, 982, 984, 985, 987, 988, 989, 991, 992, 994, 995, 997, 998, 1000];
Distribution of found integer solutions:
int_sols=[2, 3, 29, 203, 204, 206, 208, 891, 892, 896, 897, 901, 902, 930, 931];
Distribution of found duplicates:
int_dupl=[5, 7, 9, 11, 13, 15, 17, 19, 21, 24, 26, 31, 33, 35, 37, 39, 42, 44, 46, 48, 50, 53, 55, 58, 62, 64, 66, 68, 70, 72, 75, 77, 79, 81, 84, 87, 91, 93, 95, 97, 99, 101, 104, 106, 108, 111, 113, 116, 120, 122, 124, 126, 129, 131, 133, 135, 137, 140, 142, 145, 148, 150, 154, 156, 158, 160, 162, 165, 167, 169, 172, 174, 177, 181, 182, 186, 188, 190, 192, 194, 197, 199, 201, 219, 221, 223, 226, 228, 230, 237, 239, 247, 262, 265, 267, 269, 271, 273, 276, 278, 299, 310, 316, 319, 326, 328, 331, 333, 335, 338, 349, 351, 354, 356, 359, 385, 389, 392, 394, 396, 399, 401, 403, 406, 408, 411, 413, 416, 431, 445, 447, 458, 464, 467, 469, 496, 499, 535, 537, 540, 542, 548, 550, 553, 569, 572, 575, 577, 580, 591, 596, 599, 602, 604, 607, 621, 639, 642, 658, 661, 664, 666, 669, 672, 674, 677, 680, 683, 685, 688, 704, 709, 712, 715, 719, 720, 723, 727, 728, 731, 735, 750, 753, 756, 758, 761, 767, 770, 772, 775, 778, 780, 783, 786, 789, 791, 794, 797, 800, 802, 805, 808, 811, 813, 816, 819, 822, 824, 827, 830, 833, 845, 853, 880, 883, 886, 889, 899, 975, 978, 984, 994, 997, 1000, 23, 28, 40, 52, 60, 73, 83, 102, 110, 115, 127, 139, 144, 152, 163, 171, 184, 195, 211, 224, 263, 274, 293, 317, 329, 336, 353, 387, 397, 404, 410, 443, 452, 466, 498, 538, 547, 570, 579, 589, 597, 605, 641, 659, 663, 671, 676, 682, 687, 711, 717, 722, 730, 733, 755, 759, 768, 773, 781, 784, 792, 795, 803, 806, 814, 817, 825, 828, 881, 887, 995, 998, 57, 86, 89, 118, 147, 176, 179, 217, 244, 260, 304, 348, 358, 390, 415, 463, 533, 552, 574, 600, 619, 667, 679, 703, 714, 725, 751, 765, 776, 787, 798, 809, 820, 831, 852, 884, 893, 976, 982, 232, 245, 280, 283, 288, 314, 341, 361, 376, 379, 384, 418, 421, 426, 429, 434, 527, 532, 564, 582, 585, 609, 618, 637, 653, 693, 702, 739, 748, 764, 834, 837, 851, 862, 867, 875, 233, 241, 249, 257, 301, 307, 345, 363, 369, 437, 460, 471, 476, 482, 487, 493, 506, 512, 517, 523, 544, 555, 559, 613, 622, 627, 633, 649, 697, 706, 744, 842, 846, 855, 858, 871, 985, 988, 209, 212, 215, 235, 242, 250, 253, 255, 258, 286, 291, 294, 297, 302, 305, 309, 321, 324, 343, 346, 364, 368, 371, 372, 380, 424, 436, 439, 442, 450, 453, 456, 461, 472, 474, 477, 480, 483, 485, 488, 491, 494, 502, 504, 507, 510, 513, 515, 518, 521, 524, 529, 545, 556, 558, 561, 567, 588, 594, 612, 615, 624, 625, 628, 631, 634, 645, 647, 650, 656, 691, 696, 699, 708, 738, 742, 745, 840, 843, 848, 857, 859, 864, 869, 872, 878, 987, 989, 992, 214, 252, 281, 285, 290, 296, 312, 322, 340, 366, 374, 377, 382, 420, 423, 427, 432, 440, 449, 455, 479, 490, 501, 509, 520, 526, 530, 562, 566, 583, 586, 592, 610, 616, 630, 636, 644, 652, 655, 690, 694, 700, 736, 741, 747, 763, 836, 839, 849, 861, 865, 868, 874, 877, 991, 895, 910, 915, 923, 981, 903, 909, 913, 916, 922, 924, 929, 934, 937, 942, 950, 953, 958, 964, 967, 972, 927, 935, 952, 965, 973, 906, 919, 979, 905, 907, 912, 917, 920, 926, 933, 938, 941, 943, 946, 949, 954, 957, 960, 962, 968, 971, 939, 945, 948, 956, 961, 969];

Decomposition solution:
Meaning of solution vector: [P   113 [k=1 v=0] gets set {12}, P   120 [k=1 v=0] gets set {51}, P   146 [k=1 v=0] gets set {10}, P   225 [k=1 v=0] gets set {24}, P   229 [k=1 v=0] gets set {38}, P   347 [k=1 v=0] gets set {34}, P   384 [k=1 v=0] gets set {85}, P   464 [k=1 v=0] gets set {97}, P   478 [k=1 v=0] gets set {2}, P   639 [k=1 v=0] gets set {34}, P   684 [k=1 v=0] gets set {57}, P   696 [k=1 v=0] gets set {60}, P   699 [k=1 v=0] gets set {82}, P   755 [k=1 v=0] gets set {19}, P   760 [k=1 v=0] gets set {59}, P   816 [k=1 v=0] gets set {78}, P   901 [k=1 v=0] gets set {94}, P   922 [k=1 v=0] gets set {61}, P   989 [k=1 v=0] gets set {169}]
Probabilities and corresponding integer solution:
lambda_2 = 0.231755 and welfare = 0.000000 and x_l = [0, 0, 0, 0, 0, 0, 0, 0, 0, 0, 0, 0, 0, 0, 0, 0, 0, 0, 0]
lambda_5 = 0.231755 and welfare = 9806.899115 and x_l = [1, 1, 1, 1, 1, 1, 1, 1, 1, 1, 1, 1, 1, 1, 1, 1, 0, 0, 0]
lambda_7 = 0.268245 and welfare = 12946.562365 and x_l = [1, 1, 1, 1, 1, 1, 1, 1, 1, 1, 1, 1, 1, 1, 1, 0, 1, 1, 1]
lambda_9 = 0.231755 and welfare = 3033.374999 and x_l = [0, 0, 0, 0, 0, 0, 0, 0, 0, 0, 0, 0, 0, 0, 0, 1, 1, 1, 0]
lambda_11 = 0.036489 and welfare = 3173.186062 and x_l = [0, 0, 0, 0, 0, 0, 0, 0, 0, 0, 0, 0, 0, 0, 0, 1, 0, 0, 1]
lambda_else = 0
Using 5 out of 15 integer solutions.
Expected social welfare: 6564.435172
Objective value of primal LP: 1.000000


