Analysis results no. 17

Ellipsoid method stopped in iteration 1000 because reached N.
Ellipsoid parameters: cut=central; eps=0.000000; N=1000; R=4.472136.
Ellipsoid performance: runtime=44.851850 sec.; constraint-cuts=778.

First iteration in which primal was feasible: 51.
In total 7 integer solutions where found, whereas 4 where used by primal.

Solution quality:
Expected social welfare=6564.435172
Absolute deviation=4027.854464
Variance=18766388.431549
Standard deviation=4332.018979
Coefficient of variation=0.659923

Distribution of constraint cuts:
cons_cuts=[4, 5, 7, 9, 11, 13, 15, 17, 19, 21, 22, 24, 25, 27, 29, 31, 32, 34, 35, 37, 38, 40, 42, 43, 45, 46, 48, 49, 51, 52, 54, 55, 57, 59, 60, 61, 63, 64, 66, 67, 68, 70, 71, 72, 74, 75, 77, 78, 79, 81, 82, 83, 85, 86, 87, 88, 90, 91, 92, 94, 95, 96, 97, 98, 100, 101, 103, 104, 105, 106, 108, 109, 111, 112, 113, 114, 116, 117, 118, 119, 121, 122, 123, 124, 125, 127, 128, 129, 130, 131, 132, 134, 135, 136, 137, 138, 140, 141, 142, 144, 145, 147, 148, 149, 151, 152, 153, 154, 156, 157, 158, 160, 161, 162, 164, 165, 166, 168, 169, 170, 172, 173, 174, 176, 177, 178, 180, 181, 182, 184, 185, 186, 188, 189, 190, 191, 193, 194, 195, 197, 198, 199, 200, 201, 202, 204, 205, 206, 207, 209, 210, 211, 212, 213, 215, 216, 217, 218, 220, 221, 222, 223, 225, 226, 227, 229, 230, 231, 232, 233, 235, 236, 237, 239, 240, 241, 243, 244, 245, 246, 248, 249, 250, 252, 253, 254, 256, 257, 258, 260, 261, 262, 264, 265, 266, 268, 269, 270, 271, 272, 273, 275, 276, 277, 278, 279, 281, 282, 283, 285, 286, 287, 289, 290, 291, 293, 294, 295, 297, 298, 299, 300, 302, 303, 304, 306, 307, 308, 310, 311, 312, 314, 315, 316, 318, 319, 320, 322, 323, 324, 326, 327, 328, 330, 331, 332, 334, 335, 336, 338, 339, 340, 342, 343, 344, 346, 347, 348, 350, 351, 352, 354, 355, 356, 357, 358, 359, 361, 362, 363, 364, 366, 367, 368, 370, 371, 372, 374, 375, 376, 378, 379, 380, 382, 383, 384, 386, 387, 388, 390, 391, 392, 394, 395, 396, 398, 399, 400, 402, 403, 404, 406, 407, 408, 410, 411, 412, 413, 414, 415, 416, 418, 419, 420, 422, 423, 424, 425, 426, 427, 429, 430, 431, 432, 434, 435, 436, 438, 439, 440, 442, 443, 444, 446, 447, 448, 450, 451, 452, 454, 455, 456, 458, 459, 460, 462, 463, 464, 466, 467, 468, 470, 471, 472, 474, 475, 476, 478, 479, 480, 482, 483, 484, 486, 487, 488, 490, 491, 492, 494, 495, 496, 498, 499, 500, 502, 503, 504, 506, 507, 508, 510, 511, 512, 514, 515, 516, 517, 518, 519, 520, 522, 523, 524, 525, 526, 527, 528, 529, 531, 532, 533, 535, 536, 538, 539, 540, 541, 543, 544, 545, 547, 548, 549, 551, 552, 553, 555, 556, 557, 559, 560, 561, 563, 564, 565, 567, 568, 569, 571, 572, 573, 575, 576, 577, 578, 579, 580, 581, 582, 583, 584, 585, 586, 587, 588, 589, 590, 591, 592, 594, 595, 596, 598, 599, 600, 601, 603, 604, 605, 606, 607, 608, 610, 611, 612, 613, 614, 615, 616, 618, 619, 620, 621, 622, 623, 624, 625, 626, 627, 628, 630, 631, 632, 634, 635, 636, 637, 639, 640, 642, 643, 644, 645, 647, 648, 649, 651, 652, 653, 655, 656, 657, 659, 660, 661, 663, 664, 665, 667, 668, 669, 671, 672, 673, 675, 676, 677, 679, 680, 681, 683, 684, 685, 686, 687, 688, 689, 690, 691, 692, 693, 695, 696, 697, 699, 700, 701, 703, 704, 705, 707, 708, 709, 711, 712, 713, 714, 715, 716, 717, 718, 719, 720, 722, 723, 724, 725, 727, 728, 729, 731, 732, 733, 735, 736, 737, 739, 740, 741, 743, 744, 745, 747, 748, 749, 751, 752, 753, 755, 756, 757, 759, 760, 761, 763, 764, 765, 767, 768, 769, 770, 771, 772, 773, 774, 775, 776, 777, 778, 779, 780, 781, 782, 783, 784, 785, 787, 788, 789, 791, 792, 793, 795, 796, 797, 799, 800, 801, 803, 804, 805, 807, 808, 809, 811, 812, 813, 815, 816, 817, 819, 820, 821, 823, 824, 825, 827, 828, 829, 830, 831, 832, 833, 834, 835, 836, 837, 838, 839, 840, 841, 842, 843, 844, 845, 847, 848, 849, 851, 852, 853, 855, 856, 857, 859, 860, 861, 863, 864, 865, 867, 868, 869, 871, 872, 873, 875, 876, 877, 879, 880, 881, 883, 884, 885, 886, 888, 889, 890, 892, 893, 894, 896, 897, 898, 900, 901, 902, 904, 905, 906, 908, 909, 910, 912, 913, 914, 915, 916, 917, 918, 919, 920, 921, 922, 923, 924, 925, 926, 927, 928, 929, 931, 932, 933, 935, 936, 937, 938, 940, 941, 943, 944, 945, 946, 948, 949, 950, 951, 952, 953, 954, 955, 956, 957, 959, 960, 961, 962, 964, 965, 966, 968, 969, 970, 972, 973, 974, 976, 977, 978, 980, 981, 982, 984, 985, 986, 988, 989, 990, 992, 993, 994, 996, 997, 998, 1000];
Distribution of found integer solutions:
int_sols=[4, 21, 51, 67, 68, 77, 78];
Distribution of found duplicates:
int_dupl=[5, 7, 9, 11, 13, 15, 17, 19, 22, 25, 27, 31, 34, 35, 38, 42, 43, 46, 49, 54, 55, 60, 63, 66, 71, 74, 79, 83, 91, 98, 103, 108, 112, 117, 140, 142, 145, 149, 154, 158, 161, 165, 169, 173, 176, 180, 182, 186, 193, 197, 205, 210, 218, 225, 229, 233, 237, 241, 246, 250, 254, 258, 262, 266, 273, 279, 283, 287, 291, 295, 299, 303, 304, 311, 312, 316, 322, 324, 330, 334, 336, 342, 344, 350, 352, 361, 364, 368, 372, 376, 380, 384, 388, 392, 396, 400, 404, 414, 418, 420, 429, 432, 436, 440, 444, 448, 452, 456, 460, 466, 468, 474, 476, 480, 486, 488, 492, 498, 500, 504, 510, 512, 516, 524, 532, 536, 540, 544, 548, 552, 556, 560, 564, 568, 572, 592, 596, 600, 615, 626, 630, 632, 637, 640, 645, 648, 652, 656, 661, 664, 668, 672, 676, 680, 693, 697, 700, 704, 708, 723, 724, 728, 733, 736, 740, 744, 748, 755, 756, 760, 764, 785, 789, 793, 797, 800, 804, 808, 815, 816, 820, 824, 845, 849, 853, 857, 861, 864, 868, 872, 879, 880, 884, 888, 894, 896, 900, 904, 908, 929, 933, 937, 940, 944, 957, 961, 964, 969, 972, 976, 981, 984, 988, 993, 996, 1000, 24, 29, 32, 37, 40, 45, 48, 52, 57, 61, 72, 75, 82, 92, 100, 109, 138, 144, 147, 151, 156, 160, 164, 166, 170, 174, 178, 184, 191, 195, 204, 217, 223, 227, 230, 236, 240, 243, 249, 253, 257, 261, 265, 278, 282, 286, 290, 294, 297, 300, 306, 308, 314, 318, 320, 326, 328, 332, 338, 340, 346, 348, 359, 363, 366, 370, 374, 378, 382, 386, 390, 394, 398, 402, 406, 408, 416, 426, 430, 434, 438, 442, 446, 450, 454, 458, 462, 464, 470, 472, 478, 482, 484, 490, 494, 496, 502, 506, 508, 514, 522, 529, 533, 538, 541, 545, 549, 553, 557, 561, 565, 569, 573, 595, 599, 603, 604, 616, 628, 634, 636, 642, 644, 649, 653, 657, 660, 665, 669, 673, 677, 681, 684, 696, 701, 705, 709, 712, 725, 729, 732, 737, 741, 745, 749, 752, 757, 761, 767, 768, 788, 792, 796, 801, 805, 809, 812, 817, 821, 827, 828, 848, 852, 856, 860, 865, 869, 873, 876, 881, 886, 889, 892, 897, 901, 905, 909, 912, 932, 936, 941, 945, 948, 960, 965, 968, 973, 977, 980, 985, 989, 992, 997, 59, 64, 70, 81, 90, 101, 106, 111, 116, 121, 141, 148, 157, 162, 168, 172, 177, 181, 185, 190, 194, 202, 209, 216, 222, 226, 235, 239, 248, 252, 256, 260, 264, 272, 277, 281, 285, 289, 293, 298, 302, 307, 310, 315, 319, 323, 327, 331, 335, 339, 343, 347, 351, 358, 362, 367, 371, 375, 379, 383, 387, 391, 395, 399, 403, 407, 415, 419, 427, 431, 435, 439, 443, 447, 451, 455, 459, 463, 467, 471, 475, 479, 483, 487, 491, 495, 499, 503, 507, 511, 515, 523, 531, 535, 539, 543, 547, 551, 555, 559, 563, 567, 571, 575, 594, 598, 601, 614, 627, 631, 635, 639, 643, 647, 651, 655, 659, 663, 667, 671, 675, 679, 683, 695, 699, 703, 707, 711, 722, 727, 731, 735, 739, 743, 747, 751, 753, 759, 763, 765, 787, 791, 795, 799, 803, 807, 811, 813, 819, 823, 825, 847, 851, 855, 859, 863, 867, 871, 875, 877, 883, 885, 890, 893, 898, 902, 906, 910, 931, 935, 938, 943, 946, 959, 962, 966, 970, 974, 978, 982, 986, 990, 994, 998, 88, 105, 113, 118, 122, 124, 131, 188, 201, 221, 271, 275, 354, 357, 422, 425, 517, 520, 526, 527, 576, 579, 581, 582, 584, 589, 85, 95, 104, 114, 119, 128, 135, 189, 198, 207, 211, 213, 269, 276, 355, 356, 423, 424, 518, 519, 525, 528, 577, 578, 580, 583, 585, 586, 86, 94, 97, 127, 129, 134, 136, 152, 199, 206, 212, 215, 232, 245, 268, 410, 413, 587, 590, 605, 608, 611, 612, 618, 621, 623, 624, 685, 688, 690, 691, 713, 716, 718, 719, 770, 771, 773, 776, 777, 780, 782, 783, 830, 831, 833, 836, 837, 840, 842, 843, 914, 915, 917, 920, 921, 924, 926, 927, 949, 952, 954, 955, 87, 96, 123, 125, 130, 132, 137, 153, 200, 220, 231, 244, 270, 411, 412, 588, 591, 606, 607, 610, 613, 619, 620, 622, 625, 686, 687, 689, 692, 714, 715, 717, 720, 769, 772, 774, 775, 778, 779, 781, 784, 829, 832, 834, 835, 838, 839, 841, 844, 913, 916, 918, 919, 922, 923, 925, 928, 950, 951, 953, 956];

Decomposition solution:
Meaning of solution vector: [P   113 [k=1 v=0] gets set {12}, P   120 [k=1 v=0] gets set {51}, P   146 [k=1 v=0] gets set {10}, P   225 [k=1 v=0] gets set {24}, P   229 [k=1 v=0] gets set {38}, P   347 [k=1 v=0] gets set {34}, P   384 [k=1 v=0] gets set {85}, P   464 [k=1 v=0] gets set {97}, P   478 [k=1 v=0] gets set {2}, P   639 [k=1 v=0] gets set {34}, P   684 [k=1 v=0] gets set {57}, P   696 [k=1 v=0] gets set {60}, P   699 [k=1 v=0] gets set {82}, P   755 [k=1 v=0] gets set {19}, P   760 [k=1 v=0] gets set {59}, P   816 [k=1 v=0] gets set {78}, P   901 [k=1 v=0] gets set {94}, P   922 [k=1 v=0] gets set {61}, P   989 [k=1 v=0] gets set {169}]
Probabilities and corresponding integer solution:
lambda_0 = 0.195266 and welfare = 11817.974844 and x_l = [1, 1, 1, 1, 1, 1, 1, 1, 1, 1, 1, 1, 1, 1, 1, 1, 1, 1, 0]
lambda_2 = 0.195266 and welfare = 0.000000 and x_l = [0, 0, 0, 0, 0, 0, 0, 0, 0, 0, 0, 0, 0, 0, 0, 0, 0, 0, 0]
lambda_4 = 0.304734 and welfare = 4161.962520 and x_l = [0, 0, 0, 0, 0, 0, 0, 0, 0, 0, 0, 0, 0, 0, 0, 0, 1, 1, 1]
lambda_5 = 0.304734 and welfare = 9806.899115 and x_l = [1, 1, 1, 1, 1, 1, 1, 1, 1, 1, 1, 1, 1, 1, 1, 1, 0, 0, 0]
lambda_else = 0
Using 4 out of 7 integer solutions.
Expected social welfare: 6564.435172
Objective value of primal LP: 1.000000


