Analysis results no. 9

Ellipsoid method stopped in iteration 832 because threshold reached.
Ellipsoid parameters: cut=deep; eps=0.000000; N=1000; R=4.472136.
Ellipsoid performance: runtime=24.336324 sec.; constraint-cuts=549.

First iteration in which primal was feasible: 18.
In total 3 integer solutions where found, whereas 3 where used by primal.

Solution quality:
Expected social welfare=6564.435172
Absolute deviation=5253.539672
Variance=28150249.483955
Standard deviation=5305.680869
Coefficient of variation=0.808246

Distribution of constraint cuts:
cons_cuts=[2, 4, 6, 7, 9, 11, 13, 14, 16, 18, 19, 21, 23, 24, 26, 28, 29, 31, 32, 34, 35, 37, 38, 40, 42, 44, 45, 47, 49, 50, 52, 54, 55, 57, 59, 60, 62, 64, 65, 67, 69, 70, 72, 74, 75, 77, 78, 80, 81, 83, 84, 86, 87, 89, 90, 92, 93, 95, 96, 98, 99, 101, 102, 104, 105, 107, 108, 110, 111, 113, 114, 116, 117, 119, 120, 122, 123, 125, 126, 128, 129, 131, 132, 134, 135, 137, 138, 140, 141, 143, 144, 146, 147, 149, 150, 152, 153, 155, 156, 158, 159, 161, 162, 164, 165, 167, 168, 170, 171, 173, 174, 176, 177, 179, 180, 182, 183, 185, 186, 188, 189, 191, 192, 194, 195, 197, 198, 200, 201, 203, 204, 206, 207, 209, 210, 212, 213, 215, 216, 218, 219, 221, 222, 224, 225, 227, 228, 230, 231, 233, 234, 236, 237, 239, 240, 242, 243, 245, 246, 248, 249, 251, 252, 254, 255, 257, 258, 260, 261, 263, 264, 266, 267, 269, 270, 272, 273, 275, 276, 278, 279, 281, 282, 284, 285, 287, 288, 290, 291, 293, 294, 296, 297, 299, 300, 302, 303, 305, 306, 308, 309, 311, 312, 314, 315, 317, 318, 320, 321, 323, 324, 326, 327, 329, 330, 332, 333, 335, 336, 338, 339, 341, 342, 344, 345, 347, 348, 350, 351, 353, 354, 356, 357, 359, 360, 362, 363, 365, 366, 368, 369, 371, 372, 374, 375, 377, 378, 380, 381, 383, 384, 386, 387, 389, 390, 392, 393, 395, 396, 398, 399, 401, 402, 404, 405, 407, 408, 410, 411, 413, 414, 416, 417, 419, 420, 422, 423, 425, 426, 428, 429, 431, 432, 434, 435, 437, 438, 440, 441, 443, 444, 446, 447, 449, 450, 452, 453, 455, 456, 458, 459, 461, 462, 464, 465, 467, 468, 470, 471, 473, 474, 476, 477, 479, 480, 482, 483, 485, 486, 488, 489, 491, 492, 494, 495, 497, 498, 500, 501, 503, 504, 506, 507, 509, 510, 512, 513, 515, 516, 518, 519, 521, 522, 524, 525, 527, 528, 530, 531, 533, 534, 536, 537, 539, 540, 542, 543, 545, 546, 548, 549, 551, 552, 554, 555, 557, 558, 560, 561, 563, 564, 566, 567, 569, 570, 572, 573, 575, 576, 578, 579, 581, 582, 584, 585, 587, 588, 590, 591, 593, 594, 596, 597, 599, 600, 602, 603, 605, 606, 608, 609, 611, 612, 614, 615, 617, 618, 620, 621, 623, 624, 626, 627, 629, 630, 632, 633, 635, 636, 638, 639, 641, 642, 644, 645, 647, 648, 650, 651, 653, 654, 656, 657, 659, 660, 662, 663, 665, 666, 668, 669, 671, 672, 674, 675, 677, 678, 680, 681, 683, 684, 686, 687, 689, 690, 692, 693, 695, 696, 698, 699, 701, 702, 704, 705, 707, 708, 710, 711, 713, 714, 716, 717, 719, 720, 722, 723, 725, 726, 728, 729, 731, 732, 734, 735, 737, 738, 740, 741, 743, 744, 746, 747, 749, 750, 752, 753, 755, 756, 758, 759, 761, 762, 764, 765, 767, 768, 770, 771, 773, 774, 776, 777, 779, 780, 782, 783, 785, 786, 788, 789, 791, 792, 794, 795, 797, 798, 800, 801, 803, 804, 806, 807, 809, 810, 812, 813, 815, 816, 818, 819, 821, 822, 824, 825, 827, 828, 830, 831];
Distribution of found integer solutions:
int_sols=[2, 6, 18];
Distribution of found duplicates:
int_dupl=[4, 7, 9, 11, 14, 16, 19, 21, 24, 26, 29, 32, 35, 38, 42, 47, 52, 57, 62, 67, 72, 77, 81, 86, 90, 95, 99, 104, 108, 113, 117, 122, 126, 131, 135, 140, 144, 149, 153, 158, 162, 167, 171, 176, 180, 185, 189, 194, 198, 203, 207, 212, 216, 221, 225, 230, 234, 239, 243, 248, 252, 257, 261, 266, 270, 275, 279, 284, 288, 293, 297, 302, 306, 311, 315, 320, 324, 329, 333, 338, 342, 347, 351, 356, 360, 365, 369, 374, 378, 383, 387, 392, 396, 401, 405, 410, 414, 419, 423, 428, 432, 437, 441, 446, 450, 455, 459, 464, 468, 473, 477, 482, 486, 491, 495, 500, 504, 509, 513, 518, 522, 527, 531, 536, 540, 545, 549, 554, 558, 563, 567, 572, 576, 581, 585, 590, 594, 599, 603, 608, 612, 617, 621, 626, 630, 635, 639, 644, 648, 653, 657, 662, 666, 671, 675, 680, 684, 689, 693, 698, 702, 707, 711, 716, 720, 725, 729, 734, 738, 743, 747, 752, 756, 761, 765, 770, 774, 779, 783, 788, 792, 797, 801, 806, 810, 815, 819, 824, 828, 13, 23, 28, 34, 40, 44, 49, 54, 59, 64, 69, 74, 78, 83, 87, 92, 96, 101, 105, 110, 114, 119, 123, 128, 132, 137, 141, 146, 150, 155, 159, 164, 168, 173, 177, 182, 186, 191, 195, 200, 204, 209, 213, 218, 222, 227, 231, 236, 240, 245, 249, 254, 258, 263, 267, 272, 276, 281, 285, 290, 294, 299, 303, 308, 312, 317, 321, 326, 330, 335, 339, 344, 348, 353, 357, 362, 366, 371, 375, 380, 384, 389, 393, 398, 402, 407, 411, 416, 420, 425, 429, 434, 438, 443, 447, 452, 456, 461, 465, 470, 474, 479, 483, 488, 492, 497, 501, 506, 510, 515, 519, 524, 528, 533, 537, 542, 546, 551, 555, 560, 564, 569, 573, 578, 582, 587, 591, 596, 600, 605, 609, 614, 618, 623, 627, 632, 636, 641, 645, 650, 654, 659, 663, 668, 672, 677, 681, 686, 690, 695, 699, 704, 708, 713, 717, 722, 726, 731, 735, 740, 744, 749, 753, 758, 762, 767, 771, 776, 780, 785, 789, 794, 798, 803, 807, 812, 816, 821, 825, 830, 31, 37, 45, 50, 55, 60, 65, 70, 75, 80, 84, 89, 93, 98, 102, 107, 111, 116, 120, 125, 129, 134, 138, 143, 147, 152, 156, 161, 165, 170, 174, 179, 183, 188, 192, 197, 201, 206, 210, 215, 219, 224, 228, 233, 237, 242, 246, 251, 255, 260, 264, 269, 273, 278, 282, 287, 291, 296, 300, 305, 309, 314, 318, 323, 327, 332, 336, 341, 345, 350, 354, 359, 363, 368, 372, 377, 381, 386, 390, 395, 399, 404, 408, 413, 417, 422, 426, 431, 435, 440, 444, 449, 453, 458, 462, 467, 471, 476, 480, 485, 489, 494, 498, 503, 507, 512, 516, 521, 525, 530, 534, 539, 543, 548, 552, 557, 561, 566, 570, 575, 579, 584, 588, 593, 597, 602, 606, 611, 615, 620, 624, 629, 633, 638, 642, 647, 651, 656, 660, 665, 669, 674, 678, 683, 687, 692, 696, 701, 705, 710, 714, 719, 723, 728, 732, 737, 741, 746, 750, 755, 759, 764, 768, 773, 777, 782, 786, 791, 795, 800, 804, 809, 813, 818, 822, 827, 831];

Decomposition solution:
Meaning of solution vector: [P   113 [k=1 v=0] gets set {12}, P   120 [k=1 v=0] gets set {51}, P   146 [k=1 v=0] gets set {10}, P   225 [k=1 v=0] gets set {24}, P   229 [k=1 v=0] gets set {38}, P   347 [k=1 v=0] gets set {34}, P   384 [k=1 v=0] gets set {85}, P   464 [k=1 v=0] gets set {97}, P   478 [k=1 v=0] gets set {2}, P   639 [k=1 v=0] gets set {34}, P   684 [k=1 v=0] gets set {57}, P   696 [k=1 v=0] gets set {60}, P   699 [k=1 v=0] gets set {82}, P   755 [k=1 v=0] gets set {19}, P   760 [k=1 v=0] gets set {59}, P   816 [k=1 v=0] gets set {78}, P   901 [k=1 v=0] gets set {94}, P   922 [k=1 v=0] gets set {61}, P   989 [k=1 v=0] gets set {169}]
Probabilities and corresponding integer solution:
lambda_0 = 0.500000 and welfare = 11817.974844 and x_l = [1, 1, 1, 1, 1, 1, 1, 1, 1, 1, 1, 1, 1, 1, 1, 1, 1, 1, 0]
lambda_1 = 0.304734 and welfare = 2150.886792 and x_l = [0, 0, 0, 0, 0, 0, 0, 0, 0, 0, 0, 0, 0, 0, 0, 0, 0, 0, 1]
lambda_2 = 0.195266 and welfare = 0.000000 and x_l = [0, 0, 0, 0, 0, 0, 0, 0, 0, 0, 0, 0, 0, 0, 0, 0, 0, 0, 0]
lambda_else = 0
Using 3 out of 3 integer solutions.
Expected social welfare: 6564.435172
Objective value of primal LP: 1.000000


