Analysis results no. 25

Ellipsoid method stopped in iteration 1000 because reached N.
Ellipsoid parameters: cut=central; eps=0.000000; N=1000; R=4.472136.
Ellipsoid performance: runtime=22.232328 sec.; constraint-cuts=793.

First iteration in which primal was feasible: 92.
In total 7 integer solutions where found, whereas 4 where used by primal.

Solution quality:
Expected social welfare=6564.435172
Absolute deviation=4027.854464
Variance=18766388.431549
Standard deviation=4332.018979
Coefficient of variation=0.659923

Distribution of constraint cuts:
cons_cuts=[1, 2, 3, 4, 5, 6, 7, 8, 9, 10, 11, 12, 13, 14, 15, 16, 17, 18, 19, 20, 21, 22, 23, 24, 25, 26, 27, 28, 29, 30, 31, 32, 33, 34, 36, 37, 39, 40, 42, 43, 45, 46, 47, 49, 51, 52, 54, 55, 57, 59, 60, 62, 63, 65, 66, 68, 70, 71, 73, 74, 76, 77, 78, 80, 81, 83, 85, 86, 87, 89, 90, 92, 93, 94, 96, 97, 99, 100, 102, 103, 104, 105, 107, 108, 109, 111, 112, 114, 115, 116, 118, 119, 121, 122, 123, 125, 126, 127, 129, 130, 132, 133, 134, 136, 137, 138, 140, 141, 143, 144, 145, 147, 148, 149, 151, 152, 153, 155, 156, 158, 159, 160, 162, 163, 164, 165, 166, 167, 168, 169, 170, 171, 173, 174, 175, 176, 177, 178, 179, 181, 182, 183, 185, 186, 187, 189, 190, 191, 192, 193, 194, 196, 197, 198, 199, 200, 201, 202, 203, 204, 206, 207, 208, 209, 211, 212, 213, 214, 216, 217, 218, 220, 221, 222, 224, 225, 226, 228, 229, 230, 232, 233, 234, 236, 237, 238, 240, 241, 242, 244, 245, 246, 248, 249, 250, 251, 252, 253, 254, 256, 257, 258, 260, 261, 262, 264, 265, 266, 268, 269, 270, 271, 272, 274, 275, 276, 278, 279, 280, 281, 282, 284, 285, 286, 288, 289, 290, 292, 293, 294, 296, 297, 298, 300, 301, 302, 304, 305, 306, 308, 309, 310, 312, 313, 314, 316, 317, 318, 319, 320, 321, 322, 323, 324, 325, 327, 328, 329, 331, 332, 333, 334, 336, 337, 338, 340, 341, 342, 344, 345, 346, 348, 349, 350, 351, 352, 353, 355, 356, 357, 358, 360, 361, 362, 364, 365, 366, 368, 369, 370, 372, 373, 374, 376, 377, 378, 380, 381, 382, 384, 385, 386, 388, 389, 390, 392, 393, 394, 396, 397, 398, 400, 401, 402, 404, 405, 406, 407, 408, 409, 410, 411, 412, 413, 415, 416, 417, 418, 420, 421, 422, 424, 425, 426, 428, 429, 430, 432, 433, 434, 436, 437, 438, 440, 441, 442, 444, 445, 446, 448, 449, 450, 452, 453, 454, 456, 457, 458, 460, 461, 462, 464, 465, 466, 468, 469, 470, 472, 473, 474, 476, 477, 478, 480, 481, 482, 484, 485, 486, 487, 488, 489, 490, 491, 492, 493, 494, 496, 497, 498, 500, 501, 502, 504, 505, 506, 508, 509, 510, 512, 513, 514, 516, 517, 518, 520, 521, 522, 524, 525, 526, 527, 529, 530, 532, 533, 534, 535, 537, 538, 539, 541, 542, 543, 545, 546, 547, 549, 550, 551, 553, 554, 555, 557, 558, 559, 561, 562, 563, 565, 566, 567, 569, 570, 571, 573, 574, 576, 577, 578, 579, 581, 582, 583, 585, 586, 587, 589, 590, 591, 593, 594, 595, 597, 598, 599, 601, 602, 603, 605, 606, 607, 609, 610, 611, 612, 613, 614, 615, 616, 617, 618, 619, 621, 622, 623, 625, 626, 627, 629, 630, 631, 633, 634, 635, 637, 638, 639, 641, 642, 643, 645, 646, 647, 648, 649, 650, 651, 652, 653, 654, 655, 656, 657, 658, 659, 660, 661, 662, 663, 665, 666, 667, 668, 669, 670, 671, 672, 673, 674, 675, 676, 677, 678, 679, 680, 681, 682, 683, 685, 686, 687, 689, 690, 691, 693, 694, 695, 697, 698, 699, 701, 702, 703, 705, 706, 707, 709, 710, 711, 713, 714, 715, 717, 718, 719, 721, 722, 723, 725, 726, 727, 729, 730, 731, 733, 734, 735, 737, 738, 739, 741, 742, 743, 745, 746, 747, 749, 750, 751, 753, 754, 755, 757, 758, 759, 760, 761, 762, 763, 764, 765, 766, 767, 768, 769, 770, 771, 772, 773, 774, 775, 777, 778, 779, 780, 781, 782, 783, 784, 785, 786, 787, 788, 789, 790, 791, 792, 793, 794, 795, 797, 798, 799, 801, 802, 803, 805, 806, 807, 809, 810, 811, 813, 814, 815, 817, 818, 819, 820, 822, 823, 824, 826, 827, 828, 830, 831, 832, 834, 835, 836, 838, 839, 840, 842, 843, 844, 846, 847, 848, 850, 851, 852, 854, 855, 856, 858, 859, 860, 862, 863, 864, 866, 867, 868, 870, 871, 872, 874, 875, 876, 878, 879, 880, 882, 883, 884, 886, 887, 888, 890, 891, 892, 894, 895, 896, 897, 898, 899, 900, 901, 902, 903, 904, 905, 906, 907, 908, 909, 910, 911, 913, 914, 915, 916, 917, 918, 919, 920, 921, 922, 923, 925, 926, 927, 928, 930, 931, 932, 934, 935, 936, 938, 939, 940, 942, 943, 944, 946, 947, 948, 949, 950, 951, 952, 953, 954, 955, 956, 958, 959, 960, 962, 963, 964, 966, 967, 968, 970, 971, 972, 974, 975, 976, 978, 979, 980, 982, 983, 984, 986, 987, 988, 990, 991, 992, 994, 995, 996, 998, 999, 1000];
Distribution of found integer solutions:
int_sols=[1, 47, 92, 103, 104, 164, 167];
Distribution of found duplicates:
int_dupl=[2, 3, 4, 5, 6, 7, 8, 9, 10, 11, 12, 13, 14, 15, 16, 17, 18, 19, 20, 21, 22, 23, 24, 25, 26, 27, 28, 29, 30, 31, 32, 33, 34, 36, 37, 39, 40, 42, 43, 45, 46, 49, 52, 57, 60, 63, 68, 71, 74, 77, 80, 85, 87, 90, 93, 97, 102, 108, 112, 116, 121, 125, 129, 133, 137, 141, 145, 149, 153, 158, 162, 174, 182, 185, 194, 204, 212, 216, 220, 222, 228, 230, 236, 238, 242, 252, 256, 260, 264, 266, 272, 276, 282, 286, 290, 294, 298, 302, 306, 310, 324, 328, 332, 336, 340, 344, 346, 355, 358, 362, 366, 370, 374, 378, 382, 386, 390, 394, 398, 412, 416, 420, 422, 428, 430, 434, 440, 442, 446, 452, 454, 458, 464, 466, 472, 474, 478, 492, 496, 498, 504, 506, 510, 516, 518, 524, 526, 530, 534, 539, 542, 546, 550, 554, 559, 562, 566, 570, 574, 579, 582, 587, 590, 594, 598, 602, 606, 619, 622, 627, 630, 634, 638, 642, 663, 683, 687, 691, 695, 698, 702, 706, 713, 714, 718, 722, 726, 733, 734, 738, 742, 746, 753, 754, 775, 795, 799, 803, 807, 811, 814, 818, 822, 827, 830, 834, 839, 842, 846, 851, 854, 858, 862, 867, 870, 874, 879, 882, 886, 890, 911, 923, 927, 931, 934, 938, 942, 955, 959, 962, 967, 970, 974, 978, 983, 986, 990, 995, 998, 51, 54, 55, 59, 62, 65, 66, 70, 73, 76, 78, 81, 83, 86, 89, 94, 99, 107, 111, 115, 119, 123, 127, 130, 134, 140, 144, 148, 151, 155, 159, 173, 181, 186, 193, 207, 208, 214, 218, 224, 226, 232, 234, 240, 244, 246, 254, 258, 262, 270, 274, 280, 284, 288, 292, 296, 300, 304, 309, 312, 314, 327, 331, 334, 338, 342, 352, 356, 360, 364, 368, 372, 376, 380, 384, 388, 393, 396, 400, 402, 415, 418, 424, 426, 432, 436, 438, 444, 448, 450, 456, 460, 462, 468, 470, 476, 480, 482, 494, 500, 502, 508, 512, 514, 520, 522, 527, 532, 535, 538, 543, 547, 551, 555, 558, 563, 567, 571, 576, 578, 583, 586, 591, 595, 599, 603, 607, 610, 623, 626, 631, 635, 639, 643, 646, 666, 686, 690, 694, 699, 703, 707, 710, 715, 719, 723, 729, 730, 735, 739, 743, 747, 750, 757, 758, 778, 798, 802, 806, 810, 815, 819, 823, 826, 831, 835, 838, 843, 847, 850, 855, 859, 863, 866, 871, 875, 878, 883, 887, 891, 894, 914, 926, 930, 935, 939, 943, 946, 958, 963, 966, 971, 975, 979, 982, 987, 991, 994, 999, 96, 100, 105, 109, 114, 118, 122, 126, 132, 136, 138, 143, 147, 152, 156, 160, 171, 179, 183, 192, 206, 213, 217, 221, 225, 229, 233, 237, 241, 245, 253, 257, 261, 265, 271, 275, 281, 285, 289, 293, 297, 301, 305, 308, 313, 325, 329, 333, 337, 341, 345, 353, 357, 361, 365, 369, 373, 377, 381, 385, 389, 392, 397, 401, 413, 417, 421, 425, 429, 433, 437, 441, 445, 449, 453, 457, 461, 465, 469, 473, 477, 481, 493, 497, 501, 505, 509, 513, 517, 521, 525, 529, 533, 537, 541, 545, 549, 553, 557, 561, 565, 569, 573, 577, 581, 585, 589, 593, 597, 601, 605, 609, 621, 625, 629, 633, 637, 641, 645, 665, 685, 689, 693, 697, 701, 705, 709, 711, 717, 721, 725, 727, 731, 737, 741, 745, 749, 751, 755, 777, 797, 801, 805, 809, 813, 817, 820, 824, 828, 832, 836, 840, 844, 848, 852, 856, 860, 864, 868, 872, 876, 880, 884, 888, 892, 913, 925, 928, 932, 936, 940, 944, 956, 960, 964, 968, 972, 976, 980, 984, 988, 992, 996, 1000, 163, 166, 178, 191, 201, 269, 278, 348, 351, 169, 176, 198, 268, 349, 350, 165, 168, 177, 189, 190, 197, 200, 203, 211, 248, 251, 279, 317, 318, 321, 322, 405, 406, 409, 410, 484, 487, 489, 490, 611, 614, 616, 617, 648, 649, 651, 654, 655, 658, 660, 661, 667, 670, 672, 673, 676, 677, 679, 682, 760, 761, 763, 766, 767, 770, 772, 773, 779, 782, 784, 785, 788, 789, 791, 794, 896, 897, 899, 902, 903, 906, 908, 909, 915, 918, 920, 921, 948, 949, 951, 954, 170, 175, 187, 196, 199, 202, 209, 249, 250, 316, 319, 320, 323, 404, 407, 408, 411, 485, 486, 488, 491, 612, 613, 615, 618, 647, 650, 652, 653, 656, 657, 659, 662, 668, 669, 671, 674, 675, 678, 680, 681, 759, 762, 764, 765, 768, 769, 771, 774, 780, 781, 783, 786, 787, 790, 792, 793, 895, 898, 900, 901, 904, 905, 907, 910, 916, 917, 919, 922, 947, 950, 952, 953];

Decomposition solution:
Meaning of solution vector: [P   113 [k=1 v=0] gets set {12}, P   120 [k=1 v=0] gets set {51}, P   146 [k=1 v=0] gets set {10}, P   225 [k=1 v=0] gets set {24}, P   229 [k=1 v=0] gets set {38}, P   347 [k=1 v=0] gets set {34}, P   384 [k=1 v=0] gets set {85}, P   464 [k=1 v=0] gets set {97}, P   478 [k=1 v=0] gets set {2}, P   639 [k=1 v=0] gets set {34}, P   684 [k=1 v=0] gets set {57}, P   696 [k=1 v=0] gets set {60}, P   699 [k=1 v=0] gets set {82}, P   755 [k=1 v=0] gets set {19}, P   760 [k=1 v=0] gets set {59}, P   816 [k=1 v=0] gets set {78}, P   901 [k=1 v=0] gets set {94}, P   922 [k=1 v=0] gets set {61}, P   989 [k=1 v=0] gets set {169}]
Probabilities and corresponding integer solution:
lambda_0 = 0.195266 and welfare = 11817.974844 and x_l = [1, 1, 1, 1, 1, 1, 1, 1, 1, 1, 1, 1, 1, 1, 1, 1, 1, 1, 0]
lambda_2 = 0.195266 and welfare = 0.000000 and x_l = [0, 0, 0, 0, 0, 0, 0, 0, 0, 0, 0, 0, 0, 0, 0, 0, 0, 0, 0]
lambda_4 = 0.304734 and welfare = 4161.962520 and x_l = [0, 0, 0, 0, 0, 0, 0, 0, 0, 0, 0, 0, 0, 0, 0, 0, 1, 1, 1]
lambda_6 = 0.304734 and welfare = 9806.899115 and x_l = [1, 1, 1, 1, 1, 1, 1, 1, 1, 1, 1, 1, 1, 1, 1, 1, 0, 0, 0]
lambda_else = 0
Using 4 out of 7 integer solutions.
Expected social welfare: 6564.435172
Objective value of primal LP: 1.000000


