Analysis results no. 14

Ellipsoid method stopped in iteration 1000 because reached N.
Ellipsoid parameters: cut=deep; eps=0.000000; N=1000; R=4.472136.
Ellipsoid performance: runtime=26.638894 sec.; constraint-cuts=580.

First iteration in which primal was feasible: 11.
In total 3 integer solutions where found, whereas 3 where used by primal.

Solution quality:
Expected social welfare=6564.435172
Absolute deviation=5253.539672
Variance=28150249.483955
Standard deviation=5305.680869
Coefficient of variation=0.808246

Distribution of constraint cuts:
cons_cuts=[2, 4, 6, 9, 11, 13, 16, 18, 20, 23, 25, 27, 29, 31, 33, 35, 38, 39, 42, 43, 45, 47, 49, 51, 53, 55, 57, 59, 61, 63, 64, 67, 68, 70, 72, 74, 75, 77, 79, 81, 83, 85, 86, 88, 90, 91, 93, 95, 97, 99, 100, 102, 104, 106, 107, 109, 111, 112, 114, 116, 118, 119, 121, 123, 125, 126, 128, 130, 132, 133, 135, 137, 138, 140, 142, 143, 145, 147, 149, 150, 152, 154, 155, 157, 159, 161, 162, 164, 166, 167, 169, 171, 172, 174, 176, 178, 179, 181, 183, 184, 186, 188, 189, 191, 193, 195, 196, 198, 200, 201, 203, 205, 206, 208, 210, 212, 213, 215, 217, 218, 220, 222, 223, 225, 227, 229, 230, 232, 234, 235, 237, 239, 240, 242, 244, 246, 247, 249, 251, 252, 254, 256, 257, 259, 261, 263, 264, 266, 268, 269, 271, 273, 274, 276, 278, 280, 281, 283, 285, 286, 288, 290, 291, 293, 295, 297, 298, 300, 302, 303, 305, 307, 308, 310, 312, 314, 315, 317, 319, 320, 322, 324, 325, 327, 329, 331, 332, 334, 336, 337, 339, 341, 342, 344, 346, 348, 349, 351, 353, 354, 356, 358, 359, 361, 363, 365, 366, 368, 370, 371, 373, 375, 376, 378, 380, 382, 383, 385, 387, 388, 390, 392, 393, 395, 397, 399, 400, 402, 404, 405, 407, 409, 410, 412, 414, 416, 417, 419, 421, 422, 424, 426, 427, 429, 431, 433, 434, 436, 438, 439, 441, 443, 444, 446, 448, 450, 451, 453, 455, 456, 458, 460, 461, 463, 465, 467, 468, 470, 472, 473, 475, 477, 478, 480, 482, 484, 485, 487, 489, 490, 492, 494, 495, 497, 499, 501, 502, 504, 506, 507, 509, 511, 512, 514, 516, 518, 519, 521, 523, 524, 526, 528, 529, 531, 533, 535, 536, 538, 540, 541, 543, 545, 546, 548, 550, 552, 553, 555, 557, 558, 560, 562, 563, 565, 567, 569, 570, 572, 574, 575, 577, 579, 580, 582, 584, 586, 587, 589, 591, 592, 594, 596, 597, 599, 601, 603, 604, 606, 608, 609, 611, 613, 614, 616, 618, 620, 621, 623, 625, 626, 628, 630, 631, 633, 635, 637, 638, 640, 642, 643, 645, 647, 648, 650, 652, 654, 655, 657, 659, 660, 662, 664, 665, 667, 669, 671, 672, 674, 676, 677, 679, 681, 682, 684, 686, 688, 689, 691, 693, 694, 696, 698, 699, 701, 703, 705, 706, 708, 710, 711, 713, 715, 716, 718, 720, 722, 723, 725, 727, 728, 730, 732, 733, 735, 737, 739, 740, 742, 744, 745, 747, 749, 750, 752, 754, 756, 757, 759, 761, 762, 764, 766, 767, 769, 771, 773, 774, 776, 778, 779, 781, 783, 784, 786, 788, 790, 791, 793, 795, 796, 798, 800, 801, 803, 805, 807, 808, 810, 812, 813, 815, 817, 818, 820, 822, 824, 825, 827, 829, 830, 832, 834, 835, 837, 839, 841, 842, 844, 846, 847, 849, 851, 852, 854, 856, 858, 859, 861, 863, 864, 866, 868, 869, 871, 873, 875, 876, 878, 880, 881, 883, 885, 886, 888, 890, 892, 893, 895, 897, 898, 900, 902, 903, 905, 907, 909, 910, 912, 914, 915, 917, 919, 920, 922, 924, 926, 927, 929, 931, 932, 934, 936, 937, 939, 941, 943, 944, 946, 948, 949, 951, 953, 954, 956, 958, 960, 961, 963, 965, 966, 968, 970, 971, 973, 975, 977, 978, 980, 982, 983, 985, 987, 988, 990, 992, 994, 995, 997, 999, 1000];
Distribution of found integer solutions:
int_sols=[2, 4, 11];
Distribution of found duplicates:
int_dupl=[6, 9, 13, 16, 20, 23, 27, 31, 35, 39, 43, 47, 51, 55, 59, 64, 70, 75, 81, 86, 91, 97, 102, 107, 112, 118, 123, 128, 133, 138, 143, 149, 154, 159, 164, 169, 174, 179, 184, 189, 195, 200, 205, 210, 215, 220, 225, 230, 235, 240, 246, 251, 256, 261, 266, 271, 276, 281, 286, 291, 297, 302, 307, 312, 317, 322, 327, 332, 337, 342, 348, 353, 358, 363, 368, 373, 378, 383, 388, 393, 399, 404, 409, 414, 419, 424, 429, 434, 439, 444, 450, 455, 460, 465, 470, 475, 480, 485, 490, 495, 501, 506, 511, 516, 521, 526, 531, 536, 541, 546, 552, 557, 562, 567, 572, 577, 582, 587, 592, 597, 603, 608, 613, 618, 623, 628, 633, 638, 643, 648, 654, 659, 664, 669, 674, 679, 684, 689, 694, 699, 705, 710, 715, 720, 725, 730, 735, 740, 745, 750, 756, 761, 766, 771, 776, 781, 786, 791, 796, 801, 807, 812, 817, 822, 827, 832, 837, 842, 847, 852, 858, 863, 868, 873, 878, 883, 888, 893, 898, 903, 909, 914, 919, 924, 929, 934, 939, 944, 949, 954, 960, 965, 970, 975, 980, 985, 990, 995, 1000, 18, 25, 33, 38, 45, 49, 57, 63, 67, 72, 77, 83, 88, 93, 99, 104, 109, 114, 119, 125, 130, 135, 140, 145, 150, 155, 161, 166, 171, 176, 181, 186, 191, 196, 201, 206, 212, 217, 222, 227, 232, 237, 242, 247, 252, 257, 263, 268, 273, 278, 283, 288, 293, 298, 303, 308, 314, 319, 324, 329, 334, 339, 344, 349, 354, 359, 365, 370, 375, 380, 385, 390, 395, 400, 405, 410, 416, 421, 426, 431, 436, 441, 446, 451, 456, 461, 467, 472, 477, 482, 487, 492, 497, 502, 507, 512, 518, 523, 528, 533, 538, 543, 548, 553, 558, 563, 569, 574, 579, 584, 589, 594, 599, 604, 609, 614, 620, 625, 630, 635, 640, 645, 650, 655, 660, 665, 671, 676, 681, 686, 691, 696, 701, 706, 711, 716, 722, 727, 732, 737, 742, 747, 752, 757, 762, 767, 773, 778, 783, 788, 793, 798, 803, 808, 813, 818, 824, 829, 834, 839, 844, 849, 854, 859, 864, 869, 875, 880, 885, 890, 895, 900, 905, 910, 915, 920, 926, 931, 936, 941, 946, 951, 956, 961, 966, 971, 977, 982, 987, 992, 997, 29, 42, 53, 61, 68, 74, 79, 85, 90, 95, 100, 106, 111, 116, 121, 126, 132, 137, 142, 147, 152, 157, 162, 167, 172, 178, 183, 188, 193, 198, 203, 208, 213, 218, 223, 229, 234, 239, 244, 249, 254, 259, 264, 269, 274, 280, 285, 290, 295, 300, 305, 310, 315, 320, 325, 331, 336, 341, 346, 351, 356, 361, 366, 371, 376, 382, 387, 392, 397, 402, 407, 412, 417, 422, 427, 433, 438, 443, 448, 453, 458, 463, 468, 473, 478, 484, 489, 494, 499, 504, 509, 514, 519, 524, 529, 535, 540, 545, 550, 555, 560, 565, 570, 575, 580, 586, 591, 596, 601, 606, 611, 616, 621, 626, 631, 637, 642, 647, 652, 657, 662, 667, 672, 677, 682, 688, 693, 698, 703, 708, 713, 718, 723, 728, 733, 739, 744, 749, 754, 759, 764, 769, 774, 779, 784, 790, 795, 800, 805, 810, 815, 820, 825, 830, 835, 841, 846, 851, 856, 861, 866, 871, 876, 881, 886, 892, 897, 902, 907, 912, 917, 922, 927, 932, 937, 943, 948, 953, 958, 963, 968, 973, 978, 983, 988, 994, 999];

Decomposition solution:
Meaning of solution vector: [P   113 [k=1 v=0] gets set {12}, P   120 [k=1 v=0] gets set {51}, P   146 [k=1 v=0] gets set {10}, P   225 [k=1 v=0] gets set {24}, P   229 [k=1 v=0] gets set {38}, P   347 [k=1 v=0] gets set {34}, P   384 [k=1 v=0] gets set {85}, P   464 [k=1 v=0] gets set {97}, P   478 [k=1 v=0] gets set {2}, P   639 [k=1 v=0] gets set {34}, P   684 [k=1 v=0] gets set {57}, P   696 [k=1 v=0] gets set {60}, P   699 [k=1 v=0] gets set {82}, P   755 [k=1 v=0] gets set {19}, P   760 [k=1 v=0] gets set {59}, P   816 [k=1 v=0] gets set {78}, P   901 [k=1 v=0] gets set {94}, P   922 [k=1 v=0] gets set {61}, P   989 [k=1 v=0] gets set {169}]
Probabilities and corresponding integer solution:
lambda_0 = 0.500000 and welfare = 11817.974844 and x_l = [1, 1, 1, 1, 1, 1, 1, 1, 1, 1, 1, 1, 1, 1, 1, 1, 1, 1, 0]
lambda_1 = 0.304734 and welfare = 2150.886792 and x_l = [0, 0, 0, 0, 0, 0, 0, 0, 0, 0, 0, 0, 0, 0, 0, 0, 0, 0, 1]
lambda_2 = 0.195266 and welfare = 0.000000 and x_l = [0, 0, 0, 0, 0, 0, 0, 0, 0, 0, 0, 0, 0, 0, 0, 0, 0, 0, 0]
lambda_else = 0
Using 3 out of 3 integer solutions.
Expected social welfare: 6564.435172
Objective value of primal LP: 1.000000


